Layer 0:
0 1 2 3 4 5 6 7 0 0 0 0 0 13 14 15 0 0 18 19 20 0 0 0 0 0 0 27 28 29 0 0
0 0 0 0 0 6 7 0 0 0 0 0 0 14 15 16 17 18 19 20 21 0 0 0 0 0 0 0 0 0 0 0
0 0 0 0 0 0 0 0 0 0 0 0 14 15 16 17 18 19 20 21 22 23 0 0 0 0 0 0 0 0 0 0
0 0 0 0 0 0 0 0 0 0 0 0 15 0 0 0 19 20 21 22 23 24 0 0 0 0 0 0 0 0 0 0
0 0 0 0 0 0 0 0 0 0 0 0 0 0 0 0 0 21 22 23 24 25 0 0 0 0 0 31 32 0 0 0
0 0 0 0 0 0 0 0 0 0 0 0 0 0 0 0 0 0 0 0 0 0 0 0 0 30 31 32 33 34 35 0
6 7 8 9 10 0 0 0 0 0 0 0 0 0 0 0 0 0 0 0 0 0 0 0 30 31 32 33 34 35 36 37
0 0 9 10 11 12 0 0 0 0 0 0 0 0 0 0 0 0 0 0 0 0 0 0 31 32 33 34 35 36 37 38
0 0 0 11 12 13 14 0 0 0 18 19 20 21 0 0 0 0 0 0 0 0 0 0 32 33 34 35 36 37 38 39
0 0 0 0 13 14 15 16 17 18 19 20 21 22 0 0 0 0 0 0 0 0 0 32 33 34 35 36 37 38 39 0
0 0 0 0 0 0 0 17 18 19 20 21 22 0 0 0 0 0 0 0 30 31 32 33 34 35 36 37 0 0 0 0
0 0 0 0 0 0 0 0 19 20 21 0 0 0 0 0 0 0 29 30 31 32 33 34 35 36 37 0 0 0 0 42
0 0 0 0 0 0 0 0 0 0 0 0 0 0 0 0 0 29 30 31 32 33 34 35 36 37 0 0 0 0 0 43
0 0 0 0 0 0 0 0 0 0 0 0 0 0 0 0 0 30 31 32 33 34 35 36 37 38 0 0 0 0 43 44
0 0 0 0 0 0 0 0 0 0 0 0 0 0 0 0 0 31 32 33 34 35 36 37 38 0 0 0 0 0 0 45
0 16 17 18 19 20 0 0 0 0 0 0 0 0 0 0 0 0 0 0 0 36 37 38 39 0 0 0 0 0 0 0
0 17 18 19 20 21 22 0 0 25 26 27 0 0 0 0 0 0 0 0 0 0 0 0 0 0 0 0 0 0 0 0
17 18 19 20 21 22 0 0 25 26 27 28 29 30 31 32 0 0 0 0 0 0 0 0 0 0 0 0 0 0 0 0
18 19 20 21 22 0 0 0 0 27 28 29 30 31 32 33 0 0 0 0 0 0 0 0 0 0 0 0 0 0 0 49
19 20 21 22 23 0 0 0 0 0 29 30 31 32 33 34 0 0 0 0 0 0 0 0 0 0 0 0 0 48 49 50
20 21 22 23 24 0 0 0 0 0 30 31 32 33 34 35 0 0 0 0 0 0 0 0 44 45 0 0 48 49 50 51
21 22 23 24 25 0 0 0 0 0 0 32 33 34 35 36 0 0 0 0 0 0 0 44 45 46 47 48 49 50 51 52
22 23 24 25 26 0 0 0 0 0 0 0 34 35 36 37 0 0 0 0 0 0 0 45 46 47 48 49 50 51 52 53
23 24 25 26 27 0 0 0 0 0 0 0 0 36 37 0 0 0 0 0 0 0 0 46 47 48 49 50 51 52 53 54
24 25 26 27 28 0 0 0 0 0 0 0 0 0 0 0 0 0 0 0 0 0 0 47 48 49 50 51 52 53 54 55
25 26 27 28 0 0 0 0 0 0 0 0 0 0 0 0 0 0 0 0 0 0 0 0 49 50 51 52 53 54 55 56
0 0 0 0 0 0 0 0 0 0 0 0 0 0 0 0 0 0 0 0 0 0 0 0 0 51 52 53 54 55 56 57
0 0 0 0 0 0 0 0 0 0 0 0 0 0 0 0 0 0 0 0 0 0 0 0 0 52 53 54 55 56 57 0
0 0 0 0 0 0 0 0 0 0 0 0 0 0 0 0 0 0 0 0 0 0 0 0 0 53 54 55 56 57 58 0
0 0 0 0 0 0 0 0 0 0 39 40 41 42 0 0 0 0 0 0 0 0 0 0 53 54 55 56 57 58 0 0
30 0 0 0 0 0 0 0 38 39 40 41 42 43 44 0 0 0 0 0 0 0 0 53 54 55 56 57 58 59 0 0
31 32 33 34 35 0 0 38 39 40 41 42 43 44 45 46 0 0 0 0 0 0 0 54 55 56 57 58 59 60 61 0

Layer 1:
1 2 3 4 5 6 7 8 0 0 0 0 13 14 15 16 17 18 19 20 21 22 0 0 0 0 0 28 29 0 0 0
0 0 0 0 0 7 8 0 0 0 0 13 14 15 16 17 18 19 20 21 22 23 0 0 0 0 0 0 0 0 0 0
0 0 0 0 0 0 0 0 0 0 13 14 15 16 17 18 19 20 21 22 23 24 0 0 0 0 0 0 0 0 0 0
0 0 0 0 0 0 0 0 0 0 14 15 16 17 0 0 0 21 22 23 24 25 0 0 0 0 0 0 0 0 0 0
0 0 0 0 0 0 0 0 0 0 0 0 0 0 0 0 0 0 23 24 25 26 0 0 0 0 0 0 0 0 0 0
0 0 0 0 0 0 0 0 0 0 0 0 0 0 0 0 0 0 0 25 26 27 0 0 0 0 32 33 34 35 36 0
0 0 0 0 0 0 0 0 0 0 0 0 0 0 0 0 0 0 0 0 0 0 0 0 0 32 33 34 35 36 37 38
0 0 0 0 0 0 0 0 0 0 0 0 0 0 0 0 0 0 0 0 0 0 0 0 32 33 34 35 36 37 38 39
0 0 0 0 0 0 0 0 0 18 19 20 21 22 0 0 0 0 0 0 0 0 0 0 33 34 35 36 37 38 39 40
0 0 0 0 0 0 0 0 18 19 20 21 22 23 24 0 0 0 0 0 0 0 0 0 34 35 36 37 38 39 40 41
0 0 0 0 0 0 0 18 19 20 21 22 23 24 0 0 0 0 0 0 0 32 33 34 35 36 37 38 39 40 41 42
0 0 0 0 0 0 0 0 20 21 22 23 0 0 0 0 0 0 30 31 32 33 34 35 36 37 38 39 40 41 42 43
0 0 0 0 0 0 0 0 21 22 0 0 0 0 0 0 0 30 31 32 33 34 35 36 37 38 39 40 41 42 43 44
0 0 0 0 0 0 0 0 0 0 0 0 0 0 0 0 0 31 32 33 34 35 36 37 38 39 40 41 42 43 44 45
0 16 17 18 0 0 0 0 0 0 0 0 0 0 0 0 0 32 33 34 35 36 37 38 39 40 41 0 0 44 45 46
16 17 18 19 20 21 22 23 0 0 0 0 0 0 0 0 0 0 0 0 0 37 38 39 40 41 42 0 0 0 46 47
17 18 19 20 21 22 23 24 25 26 27 28 0 0 0 0 0 0 0 0 0 0 39 40 41 42 0 0 0 0 0 0
18 19 20 21 22 23 24 25 26 27 28 29 30 31 32 0 0 0 0 0 0 0 0 41 42 43 0 0 0 0 0 0
19 20 21 22 23 24 0 0 27 28 29 30 31 32 33 34 0 0 0 0 0 0 0 0 43 0 0 0 0 0 49 50
20 21 22 23 0 0 0 0 0 29 30 31 32 33 34 35 0 0 0 0 0 0 0 0 44 45 0 0 0 49 50 51
21 22 23 0 0 0 0 0 0 0 31 32 33 34 35 36 0 0 0 0 0 0 0 44 45 46 47 48 49 50 51 52
22 23 24 0 0 0 0 0 0 0 32 33 34 35 36 37 0 0 0 0 0 0 0 45 46 47 48 49 50 51 52 53
23 24 25 0 0 0 0 0 0 0 0 34 35 36 37 38 39 0 0 0 0 0 0 46 47 48 49 50 51 52 53 54
24 25 26 0 0 0 0 0 0 0 0 0 36 37 38 39 40 41 0 0 0 0 0 47 48 49 50 51 52 53 54 55
25 26 27 0 0 0 0 0 0 0 0 0 0 38 39 0 0 0 0 0 0 0 0 48 49 50 51 52 53 54 55 56
0 0 0 0 0 0 0 0 0 0 0 0 0 0 0 0 0 0 0 0 0 0 0 0 50 51 52 53 54 55 56 57
0 0 0 0 0 0 0 0 0 0 0 0 0 0 0 0 0 0 0 0 0 0 0 0 51 52 53 54 55 56 57 0
0 0 0 0 0 0 0 0 0 0 0 0 0 0 0 0 0 0 0 0 0 0 0 0 52 53 54 55 56 57 58 0
0 0 0 0 0 0 0 0 0 0 0 0 0 0 0 0 0 0 0 0 0 0 0 0 0 54 55 56 57 58 0 0
0 0 0 0 0 0 0 0 0 0 0 41 42 43 44 0 0 0 0 0 0 0 0 0 54 55 56 57 58 59 0 0
0 0 0 0 0 0 0 0 0 40 41 42 43 44 45 46 0 0 0 0 0 0 0 54 55 56 57 58 59 60 0 0
32 33 34 35 0 0 0 0 40 41 42 43 44 45 46 47 48 0 0 0 0 0 0 55 56 57 58 59 60 61 0 0

Layer 2:
2 3 4 5 6 7 8 9 0 0 12 13 14 15 16 17 18 19 20 21 22 23 0 0 0 0 0 0 0 0 0 0
0 0 0 0 7 8 9 10 0 12 13 14 15 16 17 18 19 20 21 22 23 24 0 0 0 0 0 0 0 0 0 0
0 0 0 0 0 9 0 0 0 13 14 15 16 17 18 19 20 21 22 23 24 25 0 0 0 0 0 0 0 0 0 0
0 0 0 0 0 0 0 0 0 14 15 16 17 18 19 0 0 22 23 24 25 26 27 0 0 0 0 0 0 0 0 0
0 0 0 0 0 0 0 0 0 0 0 0 0 0 0 0 0 0 24 25 26 27 28 0 0 0 0 0 0 0 0 0
0 0 0 0 0 0 0 0 0 0 0 0 0 0 0 0 0 0 0 26 27 28 29 0 0 0 0 0 35 0 0 0
0 0 0 0 0 0 0 0 0 0 0 0 0 0 0 0 0 0 0 0 0 0 0 0 0 33 34 35 36 37 38 39
0 0 0 0 0 0 0 0 0 0 19 0 0 0 0 0 0 0 0 0 0 0 0 0 0 34 35 36 37 38 39 40
0 0 0 0 0 0 0 0 0 19 20 21 22 23 0 0 0 0 0 0 0 0 0 0 34 35 36 37 38 39 40 41
0 0 0 0 0 0 0 0 19 20 21 22 23 24 25 0 0 0 0 0 0 0 0 0 35 36 37 38 39 40 41 42
0 0 0 0 0 0 0 0 20 21 22 23 24 25 26 0 0 0 0 0 0 33 34 35 36 37 38 39 40 41 42 43
0 0 0 0 0 0 0 0 21 22 23 24 25 26 0 0 0 0 31 32 33 34 35 36 37 38 39 40 41 42 43 44
0 0 0 0 0 0 0 0 22 23 24 25 0 0 0 0 0 31 32 33 34 35 36 37 38 39 40 41 42 43 44 45
0 0 0 0 0 0 0 0 23 24 0 0 0 0 0 0 0 32 33 34 35 36 37 38 39 40 41 42 43 44 45 46
16 17 18 19 20 21 22 0 0 0 0 0 0 0 0 0 0 33 34 35 36 37 38 39 40 41 42 43 44 45 46 47
17 18 19 20 21 22 23 24 25 0 0 0 0 0 0 0 0 0 0 36 37 38 39 40 41 42 43 44 45 46 47 48
18 19 20 21 22 23 24 25 26 27 28 29 0 0 0 0 0 0 0 0 0 39 40 41 42 43 44 45 0 47 48 0
19 20 21 22 23 24 25 26 27 28 29 30 31 32 0 0 0 0 0 0 0 0 41 42 43 44 45 46 0 0 0 0
20 21 22 23 24 25 26 27 28 29 30 31 32 33 34 0 0 0 0 0 0 0 0 43 44 45 46 47 0 49 50 0
21 22 0 0 0 0 0 0 29 30 31 32 33 34 35 0 0 0 0 0 0 0 0 44 45 46 47 48 49 50 51 0
22 23 0 0 0 0 0 0 0 31 32 33 34 35 36 37 0 0 0 0 0 0 0 45 46 47 48 49 50 51 52 53
23 24 0 0 0 0 0 0 0 32 33 34 35 36 37 38 39 0 0 0 0 0 0 46 47 48 49 50 51 52 53 54
24 25 0 0 0 0 0 0 0 0 34 35 36 37 38 39 40 41 0 0 0 0 0 47 48 49 50 51 52 53 54 55
25 26 0 0 0 0 0 0 0 0 0 36 37 38 39 40 41 42 0 0 0 0 0 48 49 50 51 52 53 54 55 56
26 0 0 0 0 0 0 0 0 0 0 0 38 39 40 41 42 43 0 0 0 0 0 0 50 51 52 53 54 55 56 57
0 0 0 0 0 0 0 0 0 0 0 0 0 0 0 0 0 0 0 0 0 0 0 0 51 52 53 54 55 56 57 0
0 0 0 0 0 0 0 0 0 0 0 0 0 0 0 0 0 0 0 0 0 0 0 0 52 53 54 55 56 57 58 0
0 0 0 0 0 0 0 0 0 0 0 0 0 0 0 0 0 0 0 0 0 0 0 0 0 54 55 56 57 58 0 0
0 0 0 0 0 0 0 0 0 0 0 0 0 0 0 0 0 0 0 0 0 0 0 0 0 55 56 57 58 59 0 0
0 0 0 0 0 0 0 0 0 0 0 42 43 44 45 0 0 0 0 0 0 0 0 0 55 56 57 58 59 60 0 0
0 0 0 0 0 0 0 0 0 41 42 43 44 45 46 47 48 0 0 0 0 0 0 0 56 57 58 59 60 61 0 0
0 0 0 0 37 0 0 0 0 42 43 44 45 46 47 48 49 0 0 0 0 0 0 56 57 58 59 60 61 62 0 0

Layer 3:
3 4 5 6 7 8 9 10 11 12 13 14 15 16 17 18 19 20 21 22 23 24 0 0 0 0 0 0 0 0 0 0
0 0 0 7 8 9 10 11 12 13 14 15 16 17 18 19 20 21 22 23 24 25 0 0 0 0 0 0 0 0 0 0
0 0 0 8 9 10 11 12 13 14 15 16 17 18 19 20 21 22 23 24 25 26 27 0 0 0 0 0 0 0 0 0
0 0 0 9 10 11 0 0 0 15 16 17 18 19 20 0 0 23 24 25 26 27 28 0 0 0 0 0 0 0 0 0
0 0 0 0 0 0 0 0 0 0 0 0 0 0 0 0 0 0 25 26 27 28 29 0 0 0 0 0 0 0 0 0
0 0 0 0 0 0 0 0 0 0 0 0 0 0 0 0 0 0 26 27 28 29 30 0 0 0 0 0 0 0 0 0
0 0 0 0 0 0 0 0 0 0 0 0 0 0 0 0 0 0 0 0 0 0 0 0 0 0 0 0 0 0 0 40
0 0 0 0 0 0 0 0 0 0 0 0 0 0 0 0 0 0 0 0 0 0 0 0 34 35 36 37 0 0 40 41
0 0 0 0 0 0 0 0 0 20 21 22 23 0 0 0 0 0 0 0 0 0 0 0 35 36 37 38 39 40 41 42
0 0 0 0 0 0 0 0 20 21 22 23 24 25 26 27 0 0 0 0 0 0 0 35 36 37 38 39 40 41 42 43
0 0 0 0 0 0 0 0 21 22 23 24 25 26 27 28 0 0 0 0 0 0 35 36 37 38 39 40 41 42 43 44
0 0 0 0 0 0 0 0 22 23 24 25 26 27 28 29 0 0 32 33 34 35 36 37 38 39 40 41 42 43 44 45
0 0 0 0 0 0 0 0 23 24 25 26 27 28 0 0 0 32 33 34 35 36 37 38 39 40 41 42 43 44 45 46
0 0 0 0 0 0 0 0 24 25 26 27 0 0 0 0 0 33 34 35 36 37 38 39 40 41 42 43 44 45 46 47
17 18 19 20 21 22 23 24 25 26 0 0 0 0 0 0 0 34 35 36 37 38 39 40 41 42 43 44 45 46 47 48
18 19 20 21 22 23 24 25 26 0 0 0 0 0 0 0 0 35 36 37 38 39 40 41 42 43 44 45 46 47 48 49
19 20 21 22 23 24 25 26 27 28 29 30 0 0 0 0 0 0 0 38 39 40 41 42 43 44 45 46 47 48 49 0
20 21 22 23 24 25 26 27 28 29 30 31 32 0 0 0 0 0 0 0 0 41 42 43 44 45 46 47 48 0 0 0
21 22 23 24 25 26 27 28 29 30 31 32 33 34 0 0 0 0 0 0 0 0 43 44 45 46 47 48 49 0 0 0
0 0 0 0 0 0 0 0 30 31 32 33 34 35 36 0 0 0 0 0 0 0 44 45 46 47 48 49 50 51 0 0
0 0 0 0 0 0 0 0 31 32 33 34 35 36 37 38 0 0 0 0 0 0 0 46 47 48 49 50 51 52 0 0
0 0 0 0 0 0 0 0 32 33 34 35 36 37 38 39 40 41 0 0 0 0 0 47 48 49 50 51 52 53 0 0
0 0 0 0 0 0 0 0 0 34 35 36 37 38 39 40 41 42 43 0 0 0 0 48 49 50 51 52 53 54 0 0
0 0 0 0 0 0 0 33 34 35 36 37 38 39 40 41 42 43 44 0 0 0 0 0 50 51 52 53 54 55 0 0
0 0 0 0 0 0 33 34 35 36 37 38 39 40 41 42 43 44 45 0 0 0 0 0 51 52 53 54 55 56 0 0
0 0 0 0 0 33 34 35 36 37 0 0 0 0 0 0 0 0 0 0 0 0 0 0 52 53 54 55 56 57 0 0
0 0 0 0 33 34 35 36 37 0 0 0 0 0 0 0 0 0 0 0 0 0 0 0 53 54 55 56 57 58 0 0
0 0 0 0 34 35 36 0 0 0 0 0 0 0 0 0 0 0 0 0 0 0 0 0 0 55 56 57 58 59 0 0
0 0 0 0 0 0 0 0 0 0 0 0 0 0 0 0 0 0 0 0 0 0 0 0 0 56 57 58 59 60 0 0
0 0 0 0 0 0 0 0 0 0 0 43 44 45 0 0 0 0 0 0 0 0 0 0 0 57 58 59 60 61 0 0
0 0 0 0 0 0 0 0 0 0 43 44 45 46 47 48 49 0 0 0 0 0 0 0 57 58 59 60 61 62 0 0
0 0 0 37 38 0 0 0 0 43 44 45 46 47 48 49 50 0 0 0 0 0 0 57 58 59 60 61 62 63 0 0

Layer 4:
4 5 6 7 8 9 10 11 12 13 14 15 16 17 18 19 20 21 22 23 24 25 0 0 0 0 0 31 32 0 0 0
5 6 7 8 9 10 11 12 13 14 15 16 17 18 19 20 21 22 23 24 25 26 27 0 0 0 0 0 0 0 0 0
0 7 8 9 10 11 12 13 14 15 16 17 18 19 20 21 22 23 24 25 26 27 28 0 0 0 0 0 0 0 0 0
0 8 9 10 11 12 13 14 15 16 17 18 19 20 21 0 0 24 25 26 27 28 29 0 0 0 0 0 0 0 0 0
0 0 10 11 12 13 0 0 0 0 18 19 0 0 0 0 0 0 26 27 28 29 30 0 0 0 0 0 0 0 0 0
0 0 11 12 0 0 0 0 0 0 0 0 0 0 0 0 0 0 27 28 29 30 31 32 0 0 0 0 0 0 0 0
0 0 0 0 0 0 0 0 0 0 0 0 0 0 0 0 0 0 28 29 30 31 32 33 34 0 0 0 0 0 0 41
0 0 0 0 0 0 0 0 0 0 0 0 0 0 0 0 0 0 29 0 0 0 0 34 35 36 0 0 0 0 0 42
0 0 0 0 0 0 0 0 0 21 22 23 24 0 0 0 28 29 0 0 0 0 0 35 36 37 38 39 0 0 0 43
0 0 0 0 0 0 0 0 21 22 23 24 25 26 27 28 29 30 0 0 0 0 0 36 37 38 39 40 41 42 43 44
0 0 0 0 0 0 0 0 22 23 24 25 26 27 28 29 30 31 0 0 0 0 36 37 38 39 40 41 42 43 44 45
0 0 0 0 0 0 0 0 23 24 25 26 27 28 29 30 31 32 33 34 35 36 37 38 39 40 41 42 43 44 45 46
0 0 0 0 0 0 0 0 24 25 26 27 28 29 30 31 32 33 34 35 36 37 38 39 40 41 42 43 44 45 46 47
0 18 0 0 0 0 0 0 25 26 27 28 29 0 0 0 33 34 35 36 37 38 39 40 41 42 43 44 45 46 47 48
18 19 20 21 22 23 24 25 26 27 28 0 0 0 0 0 0 35 36 37 38 39 40 41 42 43 44 0 0 47 48 49
19 20 21 22 23 24 25 26 0 0 0 0 0 0 0 0 0 36 37 38 39 40 41 42 43 44 45 0 0 48 49 50
20 21 22 23 24 25 26 27 0 0 0 0 0 0 0 0 0 37 38 39 40 41 42 43 44 45 46 0 0 0 50 0
21 22 23 24 25 26 27 0 0 0 31 32 0 0 0 0 0 0 39 40 41 42 43 44 45 46 47 0 0 0 0 0
0 23 24 25 26 27 0 0 0 31 32 33 34 0 0 0 0 0 0 41 42 43 44 45 46 47 48 49 0 0 0 0
0 0 0 0 0 0 0 0 31 32 33 34 35 36 0 0 0 0 0 0 0 0 45 46 47 48 49 50 0 0 0 0
0 0 0 0 0 0 0 0 32 33 34 35 36 37 38 39 0 0 0 0 0 0 0 47 48 49 50 51 52 0 0 0
0 0 0 0 0 0 0 0 33 34 35 36 37 38 39 40 41 42 43 0 0 0 0 0 49 50 51 52 53 0 0 0
0 0 0 0 0 0 0 33 34 35 36 37 38 39 40 41 42 43 44 0 0 0 0 0 50 51 52 53 54 0 0 0
0 0 0 0 0 0 33 34 35 36 37 38 39 40 41 42 43 44 45 0 0 0 0 0 51 52 53 54 55 0 0 0
0 0 0 0 0 33 34 35 36 37 38 39 40 41 42 43 44 45 46 0 0 0 0 0 52 53 54 55 56 0 0 0
0 0 0 0 33 34 35 36 37 38 39 0 0 0 0 0 0 46 0 0 0 0 0 0 53 54 55 56 57 0 0 0
0 0 0 33 34 35 36 37 38 39 0 0 0 0 0 0 0 0 0 0 0 0 0 0 0 55 56 57 58 0 0 0
0 0 0 34 35 36 37 38 0 0 0 0 0 0 0 0 0 0 0 0 0 0 0 0 0 56 57 58 59 0 0 0
0 0 0 0 36 37 0 0 0 0 0 0 0 0 0 0 0 0 0 0 0 0 0 0 0 57 58 59 60 61 0 0
0 0 0 0 0 0 0 0 0 0 0 44 45 0 0 0 0 0 0 0 0 0 0 0 0 58 59 60 61 62 0 0
0 0 0 0 0 0 0 0 0 0 44 45 46 47 48 49 0 0 0 0 0 0 0 0 58 59 60 61 62 63 64 0
0 0 37 38 39 0 0 0 0 44 45 46 47 48 49 50 51 0 0 0 0 0 0 58 59 60 61 62 63 64 65 0

Layer 5:
5 6 7 8 9 10 11 12 13 14 15 16 17 18 19 20 21 0 0 24 25 0 0 0 0 30 31 32 33 0 0 0
6 7 8 9 10 11 12 13 14 15 16 17 18 19 20 21 22 23 24 25 26 27 0 0 0 0 32 33 34 0 0 0
7 8 9 10 11 12 13 14 15 16 17 18 19 20 21 22 23 24 25 26 27 28 29 0 0 0 0 0 0 0 0 0
0 9 10 11 12 13 14 15 16 17 18 19 20 21 22 23 0 25 26 27 28 29 30 0 0 0 0 0 0 0 0 39
0 10 11 12 13 14 15 16 0 0 19 20 0 0 0 0 0 0 27 28 29 30 31 32 0 0 0 0 0 0 0 40
0 0 12 13 14 0 0 0 0 0 0 0 0 0 0 0 0 0 28 29 30 31 32 33 0 0 0 0 0 0 0 41
0 0 0 0 0 0 0 0 0 0 0 0 0 0 0 0 0 28 29 30 31 32 33 34 35 0 0 0 0 0 0 42
0 0 0 0 0 0 0 0 0 0 0 0 0 0 0 0 28 29 30 31 32 0 34 35 36 37 38 0 0 0 0 43
0 0 0 0 0 0 0 0 0 22 23 24 25 26 0 28 29 30 31 32 0 0 35 36 37 38 39 40 0 0 0 44
0 0 0 0 0 0 0 0 22 23 24 25 26 27 28 29 30 31 32 0 0 0 0 37 38 39 40 41 42 0 44 45
0 0 0 0 0 0 0 0 23 24 25 26 27 28 29 30 31 32 33 0 0 0 0 38 39 40 41 42 43 44 45 46
0 0 0 0 0 0 0 0 24 25 26 27 28 29 30 31 32 33 34 0 0 0 38 39 40 41 42 43 44 45 46 47
0 0 0 0 0 0 0 0 25 26 27 28 29 30 31 32 33 34 35 36 37 38 39 40 41 42 0 0 0 46 47 48
18 19 20 21 22 0 0 0 26 27 28 29 30 31 0 0 34 35 36 37 38 39 40 41 42 43 0 0 0 47 48 49
19 20 21 22 23 24 25 0 0 0 29 30 0 0 0 0 35 36 37 38 39 40 41 42 43 0 0 0 0 0 49 50
20 21 22 23 24 25 26 0 0 0 0 0 0 0 0 0 0 37 38 39 40 41 42 43 44 0 0 0 0 0 50 51
21 22 23 24 25 26 27 0 0 0 0 0 0 0 0 0 0 38 39 40 41 42 43 44 45 46 0 0 0 0 0 0
22 23 24 25 26 27 0 0 0 0 0 0 0 0 0 0 0 0 40 41 42 43 44 45 46 47 0 0 0 0 0 0
0 0 0 26 27 0 0 0 0 0 0 34 0 0 0 0 0 0 41 42 43 44 45 46 47 48 0 0 0 0 0 0
0 0 0 0 0 0 0 0 0 33 34 35 36 0 0 0 0 0 42 43 44 45 46 47 48 49 50 0 0 0 0 0
0 0 0 0 0 0 0 0 33 34 35 36 37 38 0 0 0 0 43 44 0 0 0 48 49 50 51 52 53 0 0 0
0 0 0 0 0 0 0 33 34 35 36 37 38 39 40 41 42 43 44 0 0 0 0 0 50 51 52 53 54 0 0 0
0 0 0 0 0 0 33 34 35 36 37 38 39 40 41 42 43 44 45 0 0 0 0 0 51 52 53 54 55 0 0 0
0 0 0 0 0 33 34 35 36 37 38 39 40 41 42 43 44 45 46 0 0 0 0 0 52 53 54 55 56 0 0 0
0 0 0 0 33 34 35 36 37 38 39 40 41 42 43 44 45 46 47 0 0 0 0 0 0 54 55 56 57 0 0 0
0 0 0 33 34 35 36 37 38 39 40 0 0 0 0 0 46 47 0 0 0 0 0 0 0 55 56 57 0 0 0 0
0 0 0 34 35 36 37 38 39 40 0 0 0 0 0 0 0 0 0 0 0 0 0 0 0 56 57 58 0 0 0 0
0 0 0 35 36 37 38 39 0 0 0 0 0 0 0 0 0 0 0 0 0 0 0 0 0 57 58 59 0 0 0 0
0 0 0 0 37 0 0 0 0 0 0 0 0 0 0 0 0 0 0 0 0 0 0 0 0 58 59 60 61 0 0 0
0 0 0 0 0 0 0 0 0 0 0 0 0 0 0 0 0 0 0 0 0 0 0 0 58 59 60 61 62 63 0 0
0 0 0 0 0 0 0 0 0 0 0 46 47 48 49 0 0 0 0 0 0 0 0 0 59 60 61 62 63 64 65 0
36 37 38 39 40 0 0 0 0 0 46 47 48 49 50 51 0 0 0 0 0 0 0 59 60 61 62 63 64 65 66 67

Layer 6:
6 7 8 9 10 11 12 13 14 15 16 17 18 19 20 21 0 0 0 0 0 0 0 0 30 31 32 33 34 0 0 0
7 8 9 10 11 12 13 14 15 16 17 18 19 20 21 22 23 0 0 0 0 0 0 0 0 32 33 34 35 0 0 0
8 9 10 11 12 13 14 15 16 17 18 19 20 21 22 23 24 0 0 0 0 0 0 0 0 0 0 0 0 0 0 0
0 10 11 12 13 14 15 16 17 18 19 20 21 22 23 24 0 0 27 28 29 30 0 0 0 0 0 0 0 0 0 40
0 11 12 13 14 15 16 17 18 19 20 21 0 0 0 0 0 27 28 29 30 31 32 33 0 0 0 0 0 0 0 41
0 0 13 14 15 16 17 0 0 0 0 0 0 0 0 0 27 28 29 30 31 32 33 34 35 0 0 0 0 0 0 42
0 0 14 15 16 0 0 0 0 0 0 0 0 0 0 0 28 29 30 31 32 33 34 35 36 37 0 0 0 0 0 43
0 0 0 0 0 0 0 0 0 0 23 24 0 0 0 28 29 30 31 32 33 0 35 36 37 38 39 0 0 0 0 44
0 0 0 0 0 0 0 0 0 23 24 25 26 27 28 29 30 31 32 33 0 0 0 37 38 39 40 41 0 0 0 45
0 0 0 0 0 0 0 0 23 24 25 26 27 28 29 30 31 32 33 0 0 0 0 38 39 40 41 42 43 44 45 46
0 0 0 0 0 0 0 0 24 25 26 27 28 29 30 31 32 33 34 0 0 0 0 39 40 41 42 43 44 45 46 47
0 0 0 0 0 0 0 24 25 26 27 28 29 30 31 32 33 34 35 0 0 0 0 40 41 42 43 44 45 46 47 48
0 0 0 0 0 0 0 25 26 27 28 29 30 31 32 33 34 35 36 37 0 0 0 41 0 0 0 0 0 47 48 49
19 20 21 22 23 24 25 26 27 28 29 30 31 32 0 34 35 36 37 38 39 40 41 42 0 0 0 0 0 0 49 50
20 21 22 23 24 25 26 0 0 0 0 31 0 0 0 0 36 37 38 39 40 41 42 43 0 0 0 0 0 0 50 51
21 22 23 24 25 26 0 0 0 0 0 0 0 0 0 0 0 38 39 40 41 42 43 44 0 0 0 0 0 0 0 52
22 23 24 25 26 27 0 0 0 0 0 0 0 0 0 0 0 39 40 41 42 43 44 45 0 0 0 0 0 0 0 53
0 24 25 26 27 0 0 0 0 0 0 0 0 0 0 0 0 40 41 42 43 44 45 46 0 0 0 0 0 0 0 0
0 0 0 0 0 0 0 0 0 0 0 0 0 0 0 0 0 0 42 43 44 45 46 47 0 0 0 0 0 0 0 0
0 0 0 0 0 0 0 0 0 34 35 36 0 0 0 0 0 0 43 44 45 46 47 48 0 0 0 0 53 54 0 0
0 0 0 0 0 0 0 33 34 35 36 37 38 0 0 0 0 0 44 45 46 47 0 49 50 51 52 53 54 0 0 0
0 0 0 0 0 0 33 34 35 36 37 38 39 40 41 42 43 44 45 46 0 0 0 0 51 52 53 54 55 0 0 0
0 0 0 0 0 33 34 35 36 37 38 39 40 41 42 43 44 45 46 47 0 0 0 0 52 53 54 55 56 0 0 0
0 0 0 0 33 34 35 36 37 38 39 40 41 42 43 44 45 46 47 48 0 0 0 0 0 54 55 56 0 0 0 0
0 0 0 33 34 35 36 37 38 39 40 41 42 43 44 45 46 47 48 0 0 0 0 0 0 55 56 57 0 0 0 0
0 0 0 34 35 36 37 38 39 40 41 0 0 0 45 46 47 48 49 0 0 0 0 0 0 56 57 0 0 0 0 0
0 0 0 35 36 37 38 39 40 0 0 0 0 0 0 0 0 0 0 0 0 0 0 0 0 57 58 0 0 0 0 0
0 0 0 36 37 38 39 0 0 0 0 0 0 0 0 0 0 0 0 0 0 0 0 0 0 58 59 0 0 0 0 0
0 0 0 0 0 0 0 0 0 0 0 0 0 0 0 0 0 0 0 0 0 0 0 0 58 59 60 61 62 0 0 0
0 0 0 0 0 0 0 0 0 0 0 0 0 0 0 0 0 0 0 0 0 0 0 0 59 60 61 62 63 64 0 0
36 37 0 0 0 0 0 0 0 0 0 0 48 49 0 0 0 0 0 0 0 0 0 0 60 61 62 63 64 65 66 67
37 38 39 40 41 0 0 0 0 0 0 48 49 50 51 0 0 0 0 0 0 0 0 0 61 62 63 64 65 66 67 68

Layer 7:
7 8 9 10 11 12 13 14 15 16 17 18 19 20 21 0 0 0 0 0 0 0 0 0 31 32 33 34 35 0 0 0
8 9 10 11 12 13 14 15 16 17 18 19 20 21 22 23 0 0 0 0 0 0 0 0 32 33 34 35 36 0 0 0
9 10 11 12 13 14 15 16 17 18 19 20 21 22 23 24 25 0 0 0 0 0 0 0 0 34 35 0 0 0 0 0
0 11 12 13 14 15 16 17 18 19 20 21 22 23 24 25 26 0 0 0 0 0 0 0 0 0 0 0 0 0 0 41
0 12 13 14 15 16 17 18 19 20 0 0 23 0 0 26 27 28 29 30 0 0 0 0 0 0 0 0 0 0 0 42
0 13 14 15 16 17 18 19 20 0 0 0 0 0 0 27 28 29 30 31 32 33 34 35 36 0 0 0 0 0 0 43
0 0 15 16 17 18 19 0 0 0 23 24 0 0 27 28 29 30 31 32 33 0 35 36 37 38 39 0 0 0 0 44
0 0 16 17 18 0 0 0 0 23 24 25 26 27 28 29 30 31 32 33 0 0 0 37 38 39 40 41 0 0 0 45
0 0 0 0 0 0 0 0 23 24 25 26 27 28 29 30 31 32 33 34 0 0 0 38 39 40 41 42 43 0 0 0
0 0 0 0 0 0 0 23 24 25 26 27 28 29 30 31 32 33 34 0 0 0 0 39 40 41 42 43 44 45 0 47
17 18 0 0 0 0 0 24 25 26 27 28 29 30 31 32 33 34 0 0 0 0 0 40 41 42 43 44 45 46 47 48
18 19 20 0 0 0 0 25 26 27 28 29 30 31 32 33 34 35 0 0 0 0 0 0 42 43 44 45 46 47 48 49
19 20 21 0 0 0 25 26 27 28 29 30 31 32 33 34 35 36 37 0 0 0 0 0 0 0 0 0 0 48 49 50
20 21 22 23 24 25 0 27 28 29 30 31 32 33 34 35 36 37 38 39 40 41 0 0 0 0 0 0 0 0 50 51
21 22 23 24 25 26 0 0 0 0 0 32 33 0 0 0 37 38 39 40 41 42 43 0 0 0 0 0 0 0 51 52
22 23 24 25 26 0 0 0 0 0 0 0 0 0 0 0 38 39 40 41 42 43 44 0 0 0 0 0 0 0 52 53
0 0 25 26 27 0 0 0 0 0 0 0 0 0 0 0 0 40 41 42 43 44 45 0 0 0 0 0 0 0 53 54
0 0 0 0 0 0 0 0 0 0 0 0 0 0 0 0 0 41 42 43 44 45 46 0 0 0 0 0 0 53 54 55
0 0 0 0 0 0 0 0 0 0 0 0 0 0 0 0 0 0 43 44 45 46 47 0 0 0 0 0 53 54 55 56
0 0 0 0 0 0 0 0 34 35 36 37 0 0 0 0 0 0 44 45 46 47 48 49 0 0 0 53 54 55 56 0
0 0 0 0 0 0 33 34 35 36 37 38 39 0 0 0 0 0 45 46 47 48 49 50 51 52 53 54 55 56 0 0
0 0 0 0 0 33 34 35 36 37 38 39 40 41 42 43 44 45 46 47 48 49 50 51 52 53 54 55 56 0 0 0
29 30 0 0 33 34 35 36 37 38 39 40 41 42 43 44 45 46 47 48 49 50 51 52 53 54 55 56 0 0 0 0
30 31 32 33 34 35 36 37 38 39 40 41 42 43 44 45 46 47 48 49 50 0 0 53 54 55 56 57 0 0 0 0
0 0 33 34 35 36 37 38 39 40 41 42 43 44 45 46 47 48 49 50 0 0 0 0 0 56 0 0 0 0 0 0
0 0 0 35 36 37 38 39 40 41 42 0 0 45 46 47 48 49 50 0 0 0 0 0 0 0 0 0 0 0 0 0
0 0 0 36 37 38 39 40 41 0 0 0 0 0 0 0 0 0 0 0 0 0 0 0 0 0 0 0 0 0 0 0
0 0 0 0 38 39 0 0 0 0 0 0 0 0 0 0 0 0 0 0 0 0 0 0 58 59 60 0 0 0 0 0
0 0 0 0 0 0 0 0 0 0 0 0 0 0 0 0 0 0 0 0 0 0 0 0 59 60 61 62 63 0 0 0
0 0 0 0 0 0 0 0 0 0 0 0 0 0 0 0 0 0 0 0 0 0 0 0 60 61 62 63 64 65 0 0
37 38 0 0 0 0 0 0 0 0 0 0 0 0 0 0 0 0 0 0 0 0 0 0 61 62 63 64 65 66 67 68
38 39 40 41 42 0 0 0 0 0 0 0 0 0 0 0 0 0 0 0 0 0 0 0 62 63 64 65 66 67 68 69

Layer 8:
8 9 10 11 12 13 14 15 16 17 0 0 0 0 0 0 0 0 0 0 0 0 0 0 32 33 34 35 36 0 0 0
9 10 11 12 13 14 15 16 17 0 0 0 0 22 23 24 0 0 0 0 0 0 0 0 33 34 35 36 37 0 0 0
10 11 12 13 14 15 16 17 18 0 0 0 0 23 24 25 26 0 0 0 0 0 0 0 0 35 36 37 0 0 0 0
11 12 13 14 15 16 17 18 19 0 0 0 23 24 25 26 27 28 0 0 0 0 0 0 0 0 0 0 0 0 0 42
0 13 14 15 16 17 18 19 20 0 0 0 24 25 26 27 28 29 30 31 0 0 0 0 36 0 0 0 0 0 0 43
0 14 15 16 17 18 19 20 21 0 0 24 25 26 27 28 29 30 31 32 33 0 0 36 37 38 0 0 0 0 0 44
0 15 16 17 18 19 20 21 22 23 24 25 26 27 28 29 30 31 32 33 0 0 0 37 38 39 40 0 0 0 0 45
0 0 17 18 19 20 21 0 23 24 25 26 27 28 29 30 31 32 33 34 0 0 0 38 39 40 41 42 0 0 0 0
16 17 18 19 20 0 0 0 24 25 26 27 28 29 30 31 32 33 34 0 0 0 0 39 40 41 42 43 44 0 0 0
17 18 19 20 0 0 0 24 25 26 27 28 29 30 31 32 33 34 35 0 0 0 0 40 41 42 43 44 45 46 0 0
18 19 20 21 0 0 0 25 26 27 28 29 30 31 32 33 34 35 0 0 0 0 0 0 42 43 44 45 46 47 48 0
19 20 21 22 0 0 25 26 27 28 29 30 31 32 33 34 35 36 0 0 0 0 0 0 0 44 45 46 47 48 49 50
20 21 22 23 0 0 0 27 28 29 30 31 32 33 34 35 36 37 0 0 0 0 0 0 0 0 0 0 48 49 50 51
21 22 23 24 0 0 0 0 29 30 31 32 33 34 35 36 37 38 39 40 41 0 0 0 0 0 0 0 0 50 51 52
22 23 24 25 0 0 0 0 0 0 0 33 34 0 0 0 38 39 40 41 42 43 0 0 0 0 0 0 0 0 52 53
0 0 25 26 0 0 0 0 0 0 0 0 0 0 0 0 39 40 41 42 43 44 0 0 0 0 0 0 0 0 53 54
0 0 0 0 0 0 0 0 0 0 0 0 0 0 0 0 0 41 42 43 44 45 0 0 0 0 0 0 0 53 54 55
0 0 0 0 0 0 0 0 0 0 0 0 0 0 0 0 0 42 43 44 45 46 47 0 0 0 0 0 53 54 55 56
0 0 0 0 0 0 0 0 0 0 36 37 0 0 0 0 0 0 44 45 46 47 48 49 0 0 0 53 54 55 56 57
0 0 0 0 0 0 0 34 35 36 37 38 39 0 0 0 0 0 45 46 47 48 49 50 51 52 53 54 55 56 57 0
0 0 0 0 0 33 34 35 36 37 38 39 40 0 0 0 0 0 46 47 48 49 50 51 52 53 54 55 56 57 0 0
29 30 31 32 33 34 35 36 37 38 39 40 41 42 43 44 45 46 47 48 49 50 51 52 53 54 55 56 57 0 0 0
30 31 32 33 34 35 36 37 38 39 40 41 42 43 44 45 46 47 48 49 50 51 52 53 54 55 56 57 0 0 0 0
31 32 33 34 35 36 37 38 39 40 41 42 43 44 45 46 47 48 49 50 51 52 53 54 55 56 57 0 0 0 0 0
0 33 34 35 36 37 38 39 40 41 42 43 44 45 46 47 48 49 50 51 52 53 54 55 56 57 0 0 0 0 0 0
0 0 0 36 37 38 39 40 41 42 0 0 45 46 47 48 49 50 51 0 0 0 55 56 57 0 0 0 0 0 0 0
0 0 0 37 38 39 40 41 0 0 0 0 0 0 0 0 0 0 0 0 0 0 0 0 0 0 0 0 0 0 0 0
0 0 0 0 0 0 0 0 0 0 0 0 0 0 0 0 0 0 0 0 0 0 0 0 59 60 61 0 0 0 0 0
0 0 0 0 0 0 0 0 0 0 0 0 0 0 0 0 0 0 0 0 0 0 0 0 60 61 62 63 0 0 0 0
0 0 0 0 0 0 0 0 0 0 0 0 0 0 0 0 0 0 0 0 0 0 0 0 61 62 63 64 65 66 0 0
38 39 0 0 0 0 0 0 0 0 0 0 0 0 0 0 0 0 0 0 0 0 0 61 62 63 64 65 66 67 68 0
39 40 41 42 43 0 0 0 0 0 0 0 0 0 0 0 0 0 0 0 0 0 0 62 63 64 65 66 67 68 69 70

Layer 9:
9 10 11 12 13 14 15 16 17 0 0 0 0 0 23 24 0 0 0 0 0 0 0 0 33 34 35 36 37 0 0 0
10 11 12 13 14 15 16 17 0 0 0 0 0 0 24 25 26 0 0 0 0 0 0 0 34 35 36 37 38 0 0 0
11 12 13 14 15 16 17 18 0 0 0 0 0 24 25 26 27 0 0 0 0 0 0 0 0 36 37 38 0 0 0 0
12 13 14 15 16 17 18 19 0 0 0 0 24 25 26 27 28 29 30 0 0 0 0 0 0 0 0 0 0 0 0 43
13 14 15 16 17 18 19 20 0 0 0 0 25 26 27 28 29 30 31 32 0 0 0 36 37 0 0 0 0 0 0 44
14 15 16 17 18 19 20 21 22 0 0 25 26 27 28 29 30 31 32 33 0 0 0 37 38 39 0 0 0 0 0 45
15 16 17 18 19 20 21 22 0 0 25 26 27 28 29 30 31 32 33 34 0 0 0 38 39 40 41 42 0 0 0 0
16 17 18 19 20 21 22 0 0 0 26 27 28 29 30 31 32 33 34 0 0 0 0 39 40 41 42 43 44 0 0 0
17 18 19 20 21 0 0 0 0 26 27 28 29 30 31 32 33 34 35 0 0 0 0 40 41 42 43 44 45 46 0 0
18 19 20 21 22 0 0 0 26 27 28 29 30 31 32 33 34 35 0 0 0 0 0 0 42 43 44 45 46 47 0 0
19 20 21 22 0 0 0 0 27 28 29 30 31 32 33 34 35 36 0 0 0 0 0 0 43 44 45 46 47 48 49 0
20 21 22 23 0 0 0 27 28 29 30 31 32 33 34 35 36 0 0 0 0 0 0 0 0 0 46 47 48 49 50 51
21 22 23 0 0 0 0 28 29 30 31 32 33 34 35 36 37 0 0 0 0 0 0 0 0 0 0 0 49 50 51 52
22 23 24 0 0 0 0 0 0 31 32 33 34 35 36 37 38 39 40 0 0 0 0 0 0 0 0 0 50 51 52 53
23 24 0 0 0 0 0 0 0 0 0 34 35 0 0 0 39 40 41 42 43 0 0 0 0 0 0 0 0 52 53 54
0 0 0 0 0 0 0 0 0 0 0 0 0 0 0 0 40 41 42 43 44 45 0 0 0 0 0 0 0 53 54 55
0 0 0 0 0 0 0 0 0 0 0 0 0 0 0 0 0 42 43 44 45 46 0 0 0 0 0 0 53 54 55 56
0 0 0 0 0 0 0 0 0 0 0 0 0 0 0 0 0 43 44 45 46 47 48 0 0 0 0 53 54 55 56 57
0 0 0 0 0 0 0 0 0 36 37 38 39 0 0 0 0 44 45 46 47 48 49 50 0 0 53 54 55 56 57 58
0 0 0 0 0 0 0 35 36 37 38 39 40 0 0 0 0 0 46 47 48 49 50 51 52 53 54 55 56 57 58 0
0 0 0 0 0 34 35 36 37 38 39 40 41 0 0 0 0 0 47 48 49 50 51 52 53 54 55 56 57 58 0 0
30 31 32 33 34 35 36 37 38 39 40 41 42 43 0 0 0 47 48 49 50 51 52 53 54 55 56 57 58 0 0 0
31 32 33 34 35 36 37 38 39 40 41 42 43 44 45 46 47 48 49 50 51 52 53 54 55 56 57 58 59 0 0 0
32 33 34 35 36 37 38 39 40 41 42 43 44 45 46 47 48 49 50 51 52 53 54 55 56 57 58 0 0 0 0 0
33 34 35 36 37 38 39 40 41 42 43 44 45 46 47 48 49 50 51 52 53 54 55 56 57 58 0 0 0 0 0 0
0 0 0 37 38 39 40 41 42 43 0 45 46 47 48 49 50 51 52 53 54 55 56 57 58 0 0 0 0 0 0 0
0 0 0 0 39 40 0 0 0 0 0 0 47 48 49 50 0 0 0 0 0 0 0 58 59 0 0 0 0 0 0 0
0 0 0 0 0 0 0 0 0 0 0 0 0 0 0 0 0 0 0 0 0 0 0 0 60 61 62 0 0 0 0 0
0 0 0 0 0 0 0 0 0 0 0 0 0 0 0 0 0 0 0 0 0 0 0 0 61 62 63 64 0 0 0 0
0 0 0 0 0 0 0 0 0 0 0 0 0 0 0 0 0 0 0 0 0 0 0 61 62 63 64 65 66 67 0 0
39 40 0 0 0 0 0 0 0 0 0 0 0 0 0 0 0 0 0 0 0 0 0 62 63 64 65 66 67 68 69 0
40 41 42 43 44 45 0 0 0 0 0 0 0 0 0 0 0 0 0 0 0 0 62 63 64 65 66 67 68 69 70 71

Layer 10:
10 11 12 13 14 15 16 17 0 0 0 0 0 0 24 25 26 27 28 29 30 0 0 33 34 35 36 37 0 0 0 0
11 12 13 14 15 16 17 18 0 0 0 0 0 24 25 26 27 28 29 30 31 32 33 34 35 36 37 38 0 0 0 0
12 13 14 15 16 17 18 0 0 0 0 0 0 25 26 27 28 29 30 31 32 33 34 35 36 37 38 39 0 0 0 0
13 14 15 16 17 18 19 20 0 0 0 0 25 26 27 28 29 30 31 32 33 34 35 36 0 0 0 0 0 0 0 44
14 15 16 17 18 19 20 21 0 0 0 0 26 27 28 29 30 31 32 33 34 35 36 37 0 0 0 0 0 0 0 45
15 16 17 18 19 20 21 22 0 0 0 26 27 28 29 30 31 32 33 34 35 0 0 38 39 0 0 0 0 0 0 46
16 17 18 19 20 21 22 23 0 0 0 0 28 29 30 31 32 33 34 35 0 0 0 39 40 41 42 0 0 0 0 0
17 18 19 20 21 22 23 0 0 0 0 0 29 30 31 32 33 34 35 0 0 0 0 0 41 42 43 44 45 0 0 0
18 19 20 21 22 0 0 0 0 0 0 0 30 31 32 33 34 35 0 0 0 0 0 0 42 43 44 45 46 0 0 0
19 20 21 22 0 0 0 0 0 0 0 30 31 32 33 34 35 36 0 0 0 0 0 0 43 44 45 46 47 48 0 0
20 21 22 23 0 0 0 0 0 0 0 31 32 33 34 35 36 0 0 0 0 0 0 0 0 45 46 47 48 49 0 0
21 22 23 0 0 0 0 0 0 0 31 32 33 34 35 36 37 0 0 0 0 0 0 0 0 0 0 48 49 50 51 0
22 23 24 0 0 0 0 0 0 31 32 33 34 35 36 37 0 0 0 0 0 0 0 0 0 0 0 0 50 51 52 53
23 24 0 0 0 0 0 0 0 0 33 34 35 36 0 0 0 0 0 0 0 0 0 0 0 0 0 0 51 52 53 54
24 0 0 0 0 0 0 0 0 0 0 35 36 0 0 0 0 41 42 43 0 0 0 0 0 0 0 0 52 53 54 55
0 0 0 0 0 0 0 0 0 0 0 0 0 0 0 0 0 42 43 44 45 0 0 0 0 0 0 0 53 54 55 56
0 0 0 0 0 0 0 0 0 0 0 0 0 0 0 0 0 43 44 45 46 0 0 0 0 0 0 53 54 55 56 57
0 0 0 0 0 0 0 0 0 0 0 38 0 0 0 0 0 44 45 46 47 48 0 0 0 0 53 54 55 56 57 58
0 0 0 0 0 0 0 0 36 37 38 39 40 0 0 0 0 0 46 47 48 49 50 51 52 53 54 55 56 57 58 59
0 0 0 0 0 0 35 36 37 38 39 40 41 0 0 0 0 0 47 48 49 50 51 52 53 54 55 56 57 58 59 0
30 0 0 0 0 35 36 37 38 39 40 41 42 0 0 0 0 47 48 49 50 51 52 53 54 55 56 57 58 59 0 0
31 32 33 34 35 36 37 38 39 40 41 42 43 0 0 0 0 48 49 50 51 52 53 54 55 56 57 58 59 60 0 0
32 33 34 35 36 37 38 39 40 41 42 43 0 0 0 0 48 49 50 51 52 53 54 55 56 57 58 59 60 0 0 0
33 34 35 36 37 38 39 40 41 42 43 44 0 46 47 48 49 50 51 52 53 54 55 56 57 58 59 0 0 0 0 0
34 35 36 37 38 39 40 41 42 43 44 45 46 47 48 49 50 51 52 53 54 55 56 57 58 59 0 0 0 0 0 0
0 0 37 38 39 40 0 0 0 0 45 46 47 48 49 50 51 52 53 54 55 56 57 58 59 60 0 0 0 0 0 0
0 0 0 0 0 0 0 0 0 0 0 47 48 49 50 51 52 0 0 0 0 0 58 59 60 0 0 0 0 0 0 0
0 0 0 0 0 0 0 0 0 0 0 0 0 50 51 52 0 0 0 0 0 0 0 60 61 62 0 0 0 0 0 0
0 0 0 0 0 0 0 0 0 0 0 0 0 0 0 0 0 0 0 0 0 0 0 61 62 63 64 65 0 0 0 0
0 0 0 0 0 0 0 0 0 0 0 0 0 0 0 0 0 0 0 0 0 0 61 62 63 64 65 66 67 68 0 0
40 41 42 43 44 0 0 0 0 0 0 0 0 0 0 0 0 0 0 0 60 61 62 63 64 65 66 67 68 69 70 0
41 42 43 44 45 46 47 48 0 0 0 0 0 0 0 0 0 0 0 60 61 62 63 64 65 66 67 68 69 70 71 72

Layer 11:
11 12 13 14 15 16 17 0 0 0 0 0 0 24 25 26 27 28 29 30 31 32 33 34 35 36 37 38 0 0 0 0
12 13 14 15 16 17 18 0 0 0 0 0 0 25 26 27 28 29 30 31 32 33 34 35 36 37 38 39 0 0 0 0
13 14 15 16 17 18 19 0 0 0 0 0 25 26 27 28 29 30 31 32 33 34 35 36 37 38 0 0 0 0 0 44
14 15 16 17 18 19 20 21 0 0 0 0 26 27 28 29 30 31 32 33 34 35 36 37 0 0 0 0 0 0 0 45
15 16 17 18 19 20 21 22 0 0 0 26 27 28 29 30 31 32 33 34 35 36 37 38 0 0 0 0 0 0 0 46
16 17 18 19 20 21 22 23 0 0 0 27 28 29 30 31 32 33 34 35 36 37 38 0 0 0 0 0 0 0 0 47
17 18 19 20 21 22 23 0 0 0 0 0 29 30 31 32 33 34 35 0 0 0 0 0 0 0 0 0 0 0 0 0
18 19 20 21 22 23 0 0 0 0 0 0 0 31 32 33 34 35 0 0 0 0 0 0 0 0 0 0 0 0 0 0
19 20 21 22 23 0 0 0 0 0 0 0 0 0 33 34 35 36 0 0 0 0 0 0 0 44 45 46 0 0 0 0
20 21 22 23 0 0 0 0 0 0 0 0 0 0 34 35 36 0 0 0 0 0 0 0 0 0 46 47 48 0 0 0
21 22 23 0 0 0 0 0 0 0 0 0 0 34 35 36 37 0 0 0 0 0 0 0 0 0 0 48 49 50 0 0
22 23 24 0 0 0 0 0 0 0 0 0 0 35 36 37 0 0 0 0 0 0 0 0 0 0 0 0 50 51 52 0
23 24 0 0 0 0 0 0 0 0 0 0 0 0 0 0 0 0 0 0 0 0 0 0 0 0 0 0 51 52 53 54
24 25 0 0 0 0 0 0 0 0 0 0 0 0 0 0 0 0 0 0 0 0 0 0 0 0 0 0 52 53 54 55
25 0 0 0 0 0 0 0 0 0 0 0 0 0 0 0 0 0 0 0 0 0 0 0 0 0 0 0 53 54 55 56
0 0 0 0 0 0 0 0 0 0 0 0 0 0 0 0 0 0 0 0 0 0 0 0 0 0 0 0 54 55 56 57
0 0 0 0 0 0 0 0 0 0 0 0 0 0 0 0 0 0 0 46 47 0 0 0 0 0 0 54 55 56 57 58
0 0 0 0 0 0 0 0 0 0 38 39 0 0 0 0 0 0 46 47 48 49 0 0 0 0 54 55 56 57 58 59
0 0 0 0 0 0 0 0 37 38 39 40 0 0 0 0 0 0 47 48 49 50 51 52 53 54 55 56 57 58 59 60
0 0 0 0 0 0 36 37 38 39 40 41 0 0 0 0 0 0 48 49 50 51 52 53 54 55 56 57 58 59 60 61
31 32 33 34 35 36 37 38 39 40 41 42 0 0 0 0 0 0 49 50 51 52 53 54 55 56 57 58 59 60 61 0
32 33 34 35 36 37 38 39 40 41 42 0 0 0 0 0 0 49 50 51 52 53 54 55 56 57 58 59 60 61 0 0
33 34 35 36 37 38 39 40 41 42 43 0 0 0 0 0 0 50 51 52 53 54 55 56 57 58 59 60 61 0 0 0
34 35 36 37 38 0 0 0 42 43 0 0 0 0 48 49 50 51 52 53 54 55 56 57 58 59 60 61 0 0 0 0
35 36 37 38 39 0 0 0 0 0 0 46 47 48 49 50 51 52 53 54 55 56 57 58 59 60 0 0 0 0 0 0
0 37 38 39 40 0 0 0 0 0 46 47 48 49 50 51 52 53 54 55 56 57 58 59 60 0 0 0 0 0 0 0
0 0 0 40 0 0 0 0 0 0 47 48 49 50 51 52 53 54 0 0 0 0 59 60 61 0 0 0 0 0 0 0
0 0 0 0 0 0 0 0 0 0 0 49 50 51 52 53 54 0 0 0 0 0 60 61 62 63 0 0 0 0 0 0
0 0 0 0 0 0 0 0 0 0 0 0 0 0 0 0 0 0 0 0 0 60 61 62 63 64 65 66 0 0 0 0
0 0 0 0 44 0 0 0 0 0 0 0 0 0 0 0 0 0 0 59 60 61 62 63 64 65 66 67 68 0 0 0
41 42 43 44 45 46 47 48 49 50 0 0 0 0 0 0 0 0 59 60 61 62 63 64 65 66 67 68 69 70 71 72
42 43 44 45 46 47 48 49 50 51 52 0 0 0 0 0 0 0 60 61 62 63 64 65 66 67 68 69 70 71 72 73

Layer 12:
12 13 14 15 16 17 18 0 0 0 0 0 0 25 26 27 28 29 30 31 32 33 34 35 36 37 38 0 0 0 0 0
13 14 15 16 17 18 19 0 0 0 0 0 25 26 27 28 29 30 31 32 33 34 35 36 37 38 0 0 0 0 0 0
14 15 16 17 18 19 20 0 0 0 0 0 26 27 28 29 30 31 32 33 34 35 36 37 38 0 0 0 0 0 0 0
15 16 17 18 19 20 21 0 0 0 0 26 27 28 29 30 31 32 33 34 35 36 37 38 39 0 0 0 0 0 0 0
16 17 18 19 20 21 22 23 0 0 0 27 28 29 30 31 32 33 34 35 36 37 38 39 0 0 0 0 0 0 0 0
17 18 19 20 21 22 23 24 0 0 0 28 29 30 31 32 33 34 35 36 37 38 39 40 0 0 0 0 0 0 0 0
18 19 20 21 22 23 24 0 0 0 0 0 30 31 32 33 34 35 0 0 0 0 0 0 0 0 0 0 0 0 0 0
19 20 21 22 23 24 0 0 0 0 0 0 0 32 33 34 35 0 0 0 0 0 0 0 0 0 0 0 0 0 0 0
20 21 22 23 24 0 0 0 0 0 0 0 0 0 34 35 36 0 0 0 0 0 0 0 0 0 0 0 0 0 0 0
21 22 23 24 0 0 0 0 0 0 0 0 0 0 0 36 0 0 0 0 0 0 0 0 0 0 0 0 0 0 0 0
22 23 24 0 0 0 0 0 0 0 0 0 0 0 0 0 0 0 0 0 0 0 0 0 0 0 0 0 50 0 0 0
23 24 0 0 0 0 0 0 0 0 0 0 0 0 0 0 0 0 0 0 0 0 0 0 0 0 0 0 51 52 53 0
24 25 0 0 0 0 0 0 0 0 0 0 0 0 0 0 0 0 0 0 0 0 0 0 0 0 0 0 52 53 54 55
25 0 0 0 0 0 0 0 0 0 0 0 0 0 0 0 0 0 0 0 0 0 0 0 0 0 0 0 53 54 55 56
26 0 0 0 0 0 0 0 0 0 0 0 0 0 0 0 0 0 0 0 0 0 0 0 0 0 0 0 54 55 56 57
0 0 0 0 0 0 0 0 0 0 0 0 0 0 0 0 0 0 0 0 0 0 0 0 0 0 0 0 55 56 57 58
0 0 0 0 0 0 0 0 0 0 0 0 0 0 0 0 0 0 0 0 0 0 0 0 0 0 0 55 56 57 58 59
0 0 0 0 0 0 0 0 0 0 0 0 0 0 0 0 0 0 0 0 0 0 0 0 0 0 55 56 57 58 59 60
0 0 0 0 0 0 0 0 0 39 40 0 0 0 0 0 0 0 0 0 0 0 0 0 0 55 56 57 58 59 60 61
0 0 0 0 0 0 0 38 39 40 41 0 0 0 0 0 0 0 0 0 0 0 0 0 0 56 57 58 59 60 61 62
32 33 34 35 0 0 38 39 40 41 42 0 0 0 0 0 0 0 0 0 0 0 0 0 0 57 58 59 60 61 62 0
33 34 35 36 37 0 0 40 41 42 0 0 0 0 0 0 0 0 0 0 0 0 0 0 0 0 59 60 61 62 0 0
34 35 36 37 38 0 0 0 0 0 0 0 0 0 0 0 0 0 52 0 0 0 0 0 0 0 60 61 62 0 0 0
35 36 37 38 39 0 0 0 0 0 0 0 0 0 49 50 51 52 53 0 0 0 0 0 0 0 61 62 0 0 0 0
36 37 38 39 40 0 0 0 0 0 0 47 48 49 50 51 52 53 54 55 0 0 0 0 0 0 0 63 0 0 0 0
37 38 39 40 41 0 0 0 0 0 47 48 49 50 51 52 53 54 55 0 0 0 0 0 0 0 0 0 0 0 0 0
0 0 40 41 42 0 0 0 0 0 48 49 50 51 52 53 54 55 56 0 0 0 0 0 0 0 0 0 0 0 0 0
0 0 41 42 43 0 0 0 0 0 49 50 51 52 53 54 55 56 0 0 59 60 61 62 63 64 65 66 0 0 0 0
0 0 0 43 44 0 0 0 0 0 50 51 52 53 54 55 56 57 58 59 60 61 62 63 64 65 66 67 68 0 0 0
0 0 0 44 45 46 0 0 49 50 51 52 0 0 0 0 0 0 59 60 61 62 63 64 65 66 67 68 69 70 71 72
0 0 44 45 46 47 48 49 50 51 52 53 0 0 0 0 0 59 60 61 62 63 64 65 66 67 68 69 70 71 72 73
43 44 45 46 47 48 49 50 51 52 53 54 0 0 0 0 0 60 61 62 63 64 65 66 67 68 69 70 71 72 73 74

Layer 13:
13 14 15 16 17 18 0 0 0 0 0 0 0 26 27 28 29 30 31 32 33 34 35 36 37 0 0 0 0 0 0 0
14 15 16 17 18 19 0 0 0 0 0 0 26 27 28 29 30 31 32 33 34 35 36 37 38 0 0 0 0 0 0 0
15 16 17 18 19 20 0 0 0 0 0 26 27 28 29 30 31 32 33 34 35 36 37 38 39 0 0 0 0 0 0 0
16 17 18 19 20 21 0 0 0 0 0 27 28 29 30 31 32 33 34 35 36 37 38 39 40 0 0 0 0 0 0 0
17 18 19 20 21 22 23 0 0 0 27 28 29 30 31 32 33 34 35 36 37 38 39 40 0 0 0 0 0 0 0 0
18 19 20 21 22 23 24 0 0 0 28 29 30 31 32 33 34 35 36 0 38 39 40 41 0 0 0 0 0 0 0 0
19 20 21 22 23 24 25 0 0 0 0 30 31 32 33 34 35 0 0 0 0 40 41 42 0 0 0 0 0 0 0 0
20 21 22 23 24 25 0 0 0 0 0 0 0 33 34 35 36 0 0 0 0 0 42 0 0 0 0 0 0 0 0 0
21 22 23 24 0 0 0 0 0 0 0 0 0 0 35 36 0 0 0 0 0 0 0 0 0 0 0 0 0 0 0 0
22 23 24 0 0 0 0 0 0 0 0 0 0 0 0 0 0 0 0 0 0 0 0 0 0 0 0 0 0 0 0 0
23 24 25 0 0 0 0 0 0 0 0 0 0 0 0 0 0 0 0 0 0 0 0 0 0 0 0 0 0 0 0 0
24 25 0 0 0 0 0 0 0 0 0 0 0 0 0 0 0 0 0 0 0 0 0 0 0 0 0 0 52 53 54 0
25 0 0 0 0 0 0 0 0 0 0 0 0 0 0 0 0 0 0 0 0 0 0 0 0 0 0 52 53 54 55 56
26 0 0 0 0 0 0 0 0 0 0 0 0 0 0 0 0 0 0 0 0 0 0 0 0 0 0 53 54 55 56 57
0 0 0 0 0 0 0 0 0 0 0 0 0 0 0 0 0 0 0 0 0 0 0 0 0 0 0 54 55 56 57 58
0 0 0 0 0 0 0 0 0 0 0 0 0 0 0 0 0 0 0 0 48 49 50 0 0 0 0 55 56 57 58 59
0 0 0 0 0 0 0 0 0 0 0 0 0 0 0 0 0 0 0 0 0 50 51 52 53 54 55 56 57 58 59 60
0 0 0 0 0 0 0 0 0 0 0 0 0 0 0 0 0 0 0 0 0 0 0 0 0 55 56 57 58 59 60 61
0 0 0 0 0 0 0 0 0 0 0 0 0 0 0 0 0 0 0 0 0 0 0 0 0 0 57 58 59 60 61 62
32 0 0 0 0 0 0 0 0 0 0 0 0 0 0 0 0 0 0 0 0 0 0 0 0 0 58 59 60 61 62 63
33 34 35 36 0 0 0 0 0 0 0 0 0 0 0 0 0 0 0 0 0 0 0 0 0 0 59 60 61 62 63 0
34 35 36 37 0 0 0 0 0 0 0 0 0 0 0 0 0 0 0 0 0 0 0 0 0 0 0 61 62 63 0 0
35 36 37 38 39 0 0 0 0 0 0 0 0 0 0 0 0 0 0 0 0 0 0 0 0 0 0 62 63 0 0 0
36 37 38 39 40 0 0 0 0 0 0 0 0 0 0 51 52 53 0 0 0 0 0 0 0 0 0 63 64 65 0 0
37 38 39 40 41 0 0 0 0 0 0 0 49 50 51 52 53 54 55 0 0 0 0 0 0 0 63 64 65 66 67 68
38 39 40 41 42 0 0 0 0 0 0 49 50 51 52 53 54 55 56 0 0 0 0 0 0 0 64 65 66 67 68 69
0 40 41 42 43 0 0 0 0 0 49 50 51 52 53 54 55 56 57 0 0 0 0 0 0 0 65 66 67 68 69 70
0 41 42 43 44 0 0 0 0 0 50 51 52 53 54 55 56 57 58 59 60 61 62 0 0 0 66 67 68 69 70 0
0 0 43 44 45 0 0 0 0 50 51 52 53 54 55 56 57 58 59 60 61 62 63 64 0 0 67 68 69 70 71 72
0 0 0 45 46 47 0 0 50 51 52 53 54 55 0 0 58 59 60 61 62 63 64 65 66 67 68 69 70 71 72 73
0 0 0 0 47 48 49 50 51 52 53 54 55 0 0 0 0 60 61 62 63 64 65 66 67 68 69 70 71 72 73 74
0 0 0 0 48 49 50 51 52 53 54 55 56 57 0 0 0 61 62 63 64 65 66 67 68 69 70 71 72 73 74 75

Layer 14:
14 15 0 0 0 0 0 0 0 0 0 0 26 27 28 29 30 31 32 33 34 35 36 37 0 0 0 0 0 0 0 0
0 0 0 0 0 0 0 0 0 0 0 0 27 28 29 30 31 32 33 34 35 36 37 38 39 0 0 0 0 0 0 0
0 0 0 0 0 0 0 0 0 0 0 27 28 29 30 31 32 33 34 35 36 37 38 39 40 41 0 0 0 0 0 0
0 0 0 0 0 0 0 0 0 0 27 28 29 30 31 32 33 34 35 36 37 38 39 40 41 0 0 0 0 0 0 0
0 0 0 0 0 0 0 0 0 0 28 29 30 31 32 33 34 35 36 37 38 39 40 41 42 0 0 0 0 0 0 0
0 0 0 0 0 0 0 0 0 28 29 30 31 32 33 34 35 36 0 0 39 40 41 42 43 0 0 0 0 0 0 0
20 0 0 0 0 0 0 27 28 29 0 31 32 33 34 35 36 0 0 0 0 41 42 43 0 0 0 0 0 0 0 0
21 22 0 0 0 26 27 28 29 0 0 0 33 34 35 36 37 0 0 0 0 0 43 44 0 0 0 0 0 0 0 0
22 23 24 0 0 27 28 29 0 0 0 0 0 35 36 37 0 0 0 0 0 0 44 45 0 0 0 0 0 0 0 0
23 24 25 0 0 0 29 30 0 0 0 0 0 0 0 0 0 0 0 0 0 0 45 0 0 0 0 0 0 0 0 0
24 25 0 0 0 0 0 0 0 0 0 0 0 0 0 0 0 0 0 0 0 0 46 47 0 0 0 0 0 0 0 0
25 26 0 0 0 0 0 0 0 0 0 0 0 0 39 40 0 0 0 0 45 46 47 48 49 50 0 52 53 54 55 0
26 0 0 0 0 0 0 0 0 0 0 0 0 0 40 41 42 43 44 45 46 47 48 49 50 51 52 53 54 55 56 57
0 0 0 0 0 0 0 34 35 0 0 0 0 0 0 0 0 44 45 46 47 48 49 50 51 52 53 54 55 56 57 58
0 0 0 0 0 0 0 35 36 37 0 0 0 0 0 0 0 0 0 47 48 49 50 51 52 53 54 55 56 57 58 59
0 0 0 0 0 0 0 0 37 38 0 0 0 0 0 0 0 0 0 48 49 50 51 52 53 54 55 56 57 58 59 60
0 0 0 0 0 0 0 0 0 0 0 0 0 0 0 0 0 0 0 0 50 51 52 53 54 55 56 57 58 59 60 61
0 0 0 0 0 0 0 0 0 0 0 0 0 0 0 0 0 0 0 0 0 52 53 54 55 56 57 58 59 60 61 62
0 0 0 0 0 0 0 0 0 0 0 0 0 0 0 0 0 0 0 0 0 0 0 0 0 0 58 59 60 61 62 63
33 34 0 0 0 0 0 0 0 0 0 0 0 0 0 0 0 0 0 0 0 0 0 0 0 0 0 60 61 62 63 64
34 35 36 0 0 0 0 0 0 0 0 0 0 0 0 0 0 0 0 0 0 0 0 0 0 0 0 0 62 0 0 0
35 36 37 38 0 0 0 0 0 0 0 0 0 0 0 0 0 0 0 0 0 0 0 0 0 0 0 0 0 0 0 0
36 37 38 39 40 0 0 0 0 0 0 0 0 0 0 0 0 0 0 0 0 0 0 0 0 0 0 0 64 0 0 67
37 38 39 40 41 0 0 0 0 0 0 0 0 0 0 52 53 54 0 0 0 0 0 0 0 0 0 64 65 66 67 68
38 39 40 41 42 0 0 0 0 0 0 0 50 51 52 53 54 55 0 0 0 0 0 0 0 0 64 65 66 67 68 69
0 40 41 42 43 0 0 0 0 0 0 50 51 52 53 54 55 56 57 0 0 0 0 0 0 0 65 66 67 68 69 70
0 41 42 43 44 0 0 0 0 0 0 51 52 53 54 55 56 57 58 0 0 0 0 0 0 0 66 67 68 69 70 71
0 42 43 44 45 46 0 0 0 0 51 52 53 54 55 56 57 58 59 0 0 0 0 0 0 0 67 68 69 70 71 72
0 43 44 45 46 47 0 0 0 0 52 53 54 55 56 57 58 59 60 61 62 63 64 0 0 0 0 69 70 71 72 73
0 0 0 46 47 0 0 0 51 52 53 54 55 56 57 58 59 60 61 62 63 64 65 66 0 0 0 70 71 72 73 74
0 0 0 0 0 0 0 51 52 53 54 55 56 57 58 59 60 61 62 63 64 65 66 67 68 69 70 71 72 73 74 75
0 0 0 0 0 0 0 52 53 54 55 56 57 58 59 60 61 62 63 64 65 66 67 68 69 70 71 72 73 74 75 76

Layer 15:
15 0 0 0 0 0 0 0 0 0 0 0 27 28 29 30 31 32 33 34 35 36 37 0 0 0 0 0 0 0 0 0
0 0 0 0 0 0 0 0 0 0 0 27 28 29 30 31 32 33 34 35 36 37 38 39 40 0 0 0 0 0 0 0
0 0 0 0 0 0 0 0 0 0 27 28 29 30 31 32 33 34 35 36 37 38 39 40 41 42 0 0 0 0 0 0
0 0 0 0 0 0 0 0 0 0 28 29 30 31 32 33 34 35 36 37 38 39 40 41 42 43 0 0 0 0 0 0
0 0 0 0 0 0 0 0 0 28 29 30 31 32 33 34 35 36 37 38 39 40 41 42 43 44 0 0 0 0 0 0
0 0 0 0 0 0 0 0 28 29 30 31 32 33 34 35 36 37 0 0 40 41 42 43 44 0 0 0 0 0 0 0
0 0 0 0 0 0 27 28 29 30 31 32 33 34 35 36 37 0 0 0 0 42 43 44 45 0 0 0 0 0 0 0
22 0 0 0 0 27 28 29 30 31 0 0 34 35 36 37 38 0 0 0 0 0 44 45 46 0 0 0 0 0 0 0
23 24 25 0 27 28 29 30 31 32 0 0 0 36 37 38 0 0 0 0 0 0 45 46 47 0 0 0 0 0 0 0
24 25 26 0 28 29 30 31 32 0 0 0 0 0 38 0 0 0 0 0 0 0 46 47 48 0 0 0 0 0 0 0
25 26 27 0 0 30 31 32 33 0 0 0 0 0 39 0 0 0 0 0 0 46 47 48 49 50 0 0 0 54 55 0
26 27 0 0 0 0 32 33 34 0 0 0 0 39 40 41 42 0 0 0 46 47 48 49 50 51 52 53 54 55 56 57
27 0 0 0 0 0 33 34 35 36 0 0 39 40 41 42 43 44 45 46 47 48 49 50 51 52 53 54 55 56 57 58
28 0 0 0 0 0 34 35 36 37 38 39 40 41 42 43 44 45 46 47 48 49 50 51 52 53 54 55 56 57 58 59
0 0 0 0 0 34 35 36 37 38 39 40 41 42 43 44 45 46 47 48 49 50 51 52 53 54 55 56 57 58 59 60
0 0 0 0 0 35 36 37 38 39 40 41 0 0 0 45 46 47 48 49 50 51 52 53 54 55 56 57 58 59 60 61
0 0 0 0 0 0 0 0 0 0 0 0 0 0 0 0 0 0 49 50 51 52 53 54 55 56 57 58 59 60 61 62
0 0 0 0 0 0 0 0 0 0 0 0 0 0 0 0 0 0 0 51 52 53 54 55 56 57 58 59 60 61 62 63
0 0 0 0 0 0 0 0 0 0 0 0 0 0 0 0 0 0 0 0 0 0 0 0 57 58 59 60 61 62 63 64
34 35 0 0 0 0 0 0 0 0 0 0 0 0 0 0 0 0 0 0 0 0 0 0 0 0 0 0 0 0 0 0
35 36 37 0 0 0 0 0 0 0 0 0 0 0 0 0 0 0 0 0 0 0 0 0 0 0 0 0 0 0 0 0
36 37 38 39 0 0 0 0 0 0 0 0 0 0 0 0 0 0 0 0 0 0 0 0 0 0 0 0 0 0 0 0
37 38 39 40 41 0 0 0 0 0 0 0 0 0 0 0 0 0 0 0 0 0 0 0 0 0 0 0 0 0 0 68
38 39 40 41 42 0 0 0 0 0 0 0 0 0 0 0 54 55 0 0 0 0 0 0 0 0 0 65 66 67 68 69
0 40 41 42 43 0 0 0 0 0 0 0 51 52 53 54 55 56 0 0 0 0 0 0 0 0 65 66 67 68 69 70
0 41 42 43 44 0 0 0 0 0 0 51 52 53 54 55 56 57 0 0 0 0 0 0 0 0 66 67 68 69 70 71
0 42 43 44 45 46 0 0 0 0 0 52 53 54 55 56 57 58 0 0 0 0 0 0 0 0 67 68 69 70 71 72
0 43 44 45 46 47 0 0 0 0 0 53 54 55 56 57 58 59 0 0 0 0 0 0 0 0 0 69 70 71 72 73
0 0 45 46 47 48 0 0 0 0 0 54 55 56 57 58 59 60 61 62 0 0 0 0 0 0 0 70 71 72 73 74
0 0 0 47 48 0 0 0 0 0 54 55 56 57 58 59 60 61 62 63 64 65 0 0 0 0 0 71 72 73 74 75
0 0 0 0 0 0 0 0 0 54 55 56 57 58 59 60 61 62 63 64 65 66 67 0 0 0 0 72 73 74 75 76
0 0 0 0 0 0 0 0 54 55 56 57 58 59 60 61 62 63 64 65 66 67 68 69 70 0 72 73 74 75 76 77

Layer 16:
16 0 0 0 0 0 0 0 0 0 0 0 0 29 30 31 32 33 34 35 36 37 38 0 0 0 0 0 0 45 0 0
0 0 0 0 0 0 0 0 0 0 0 28 29 30 31 32 33 34 35 36 37 38 39 40 41 0 0 0 0 0 0 0
0 0 0 0 0 0 0 0 0 27 28 29 30 31 32 33 34 35 36 37 38 39 40 41 42 43 0 0 0 0 0 0
0 0 0 0 0 0 0 0 0 28 29 30 31 32 33 34 35 36 37 38 39 40 41 42 43 44 45 0 0 0 0 0
0 0 0 0 0 0 0 0 28 29 30 31 32 33 34 35 36 37 38 39 40 41 42 43 44 45 0 0 0 0 0 0
0 0 0 0 0 0 0 28 29 30 31 32 33 34 35 36 37 38 39 0 0 42 43 44 45 46 0 0 0 0 0 0
0 0 0 0 0 0 28 29 30 31 0 0 34 35 36 37 38 39 0 0 0 43 44 45 46 47 0 0 0 0 0 0
23 24 0 0 27 28 29 30 31 32 0 0 35 36 37 38 39 0 0 0 0 0 45 46 47 48 0 0 0 0 0 0
24 25 26 27 28 29 30 31 32 33 0 0 0 37 38 39 0 0 0 0 0 0 46 47 48 0 0 0 0 0 54 55
25 26 27 28 29 30 31 32 33 34 0 0 0 38 39 0 0 0 0 0 0 0 47 48 49 50 0 0 0 54 55 56
26 27 28 29 30 31 32 33 34 35 0 0 0 39 40 0 0 0 0 0 0 47 48 49 50 51 52 0 54 55 56 57
27 28 29 30 31 32 33 34 35 36 0 0 0 40 41 42 43 0 0 0 47 48 49 50 51 52 53 54 55 56 57 58
28 29 30 0 0 33 34 35 36 37 38 39 40 41 42 43 44 45 46 47 48 49 50 51 52 53 54 55 56 57 58 59
29 30 0 0 33 34 35 36 37 38 39 40 41 42 43 44 45 46 47 48 49 50 51 52 53 54 55 56 57 58 59 60
0 0 0 0 34 35 36 37 38 39 40 41 42 43 44 45 46 47 48 49 50 51 52 53 54 55 56 57 58 59 60 61
0 0 0 0 35 36 37 38 39 40 41 42 43 44 45 46 47 48 49 50 51 52 53 54 55 56 57 58 59 60 61 62
0 0 0 0 0 37 38 39 40 41 42 43 44 45 46 47 48 49 50 51 52 53 54 55 56 57 58 59 60 61 62 63
0 0 0 0 0 0 0 0 0 0 0 0 0 0 0 48 49 50 51 52 53 54 55 56 57 58 59 60 61 62 63 64
0 0 0 0 0 0 0 0 0 0 0 0 0 0 0 0 0 51 52 53 54 55 56 57 58 59 60 61 62 63 64 65
35 36 0 0 0 0 0 0 0 0 0 0 0 0 0 0 0 52 53 54 55 0 0 0 0 0 0 0 0 0 0 0
36 37 38 0 0 0 0 0 0 0 0 0 0 0 0 0 0 53 54 55 56 0 0 0 0 0 0 0 0 0 0 0
37 38 39 40 0 0 0 0 0 0 0 0 0 0 0 0 0 54 55 56 57 0 0 0 0 0 0 0 0 0 0 0
38 39 40 41 42 0 0 0 0 0 0 0 0 0 0 0 0 55 56 57 0 0 0 0 0 0 0 0 0 0 0 69
39 40 41 42 43 0 0 0 0 0 0 0 0 0 0 0 55 56 57 0 0 0 0 0 0 0 0 66 67 68 69 70
0 41 42 43 44 45 0 0 0 0 0 0 0 53 54 55 56 57 0 0 0 0 0 0 0 0 66 67 68 69 70 71
0 42 43 44 45 46 0 0 0 0 0 52 53 54 55 56 57 0 0 0 0 0 0 0 0 0 0 68 69 70 71 72
0 43 44 45 46 47 0 0 0 0 0 53 54 55 56 57 58 0 0 0 0 0 0 0 0 0 0 69 70 71 72 73
0 0 45 46 47 48 0 0 0 0 0 0 55 56 57 58 59 60 0 0 0 0 0 0 0 0 0 70 71 72 73 74
0 0 46 47 48 49 0 0 0 0 0 0 0 57 58 59 60 61 62 0 0 0 0 0 0 0 0 71 72 73 74 75
0 0 0 48 49 50 0 0 0 0 0 0 0 58 59 60 61 62 63 64 65 0 0 0 0 0 0 72 73 74 75 76
0 0 0 0 0 0 0 0 0 0 0 0 0 59 60 61 62 63 64 65 66 67 0 0 0 0 0 0 74 75 76 77
0 0 0 0 0 0 0 0 0 0 0 58 59 60 61 62 63 64 65 66 67 68 69 0 0 0 0 0 75 76 77 78

Layer 17:
0 0 0 0 0 0 0 0 0 0 0 0 0 0 0 0 33 34 35 36 37 38 39 0 0 0 0 0 0 46 47 0
0 0 0 0 0 0 0 0 26 27 28 29 30 31 32 33 34 35 36 37 38 39 40 41 42 0 0 0 0 0 0 0
0 0 0 0 0 0 0 0 27 28 29 30 31 32 33 34 35 36 37 38 39 40 41 42 43 44 45 0 0 0 0 0
0 0 0 0 0 0 0 0 28 29 30 31 32 33 34 35 36 37 38 39 40 41 42 43 44 45 46 0 0 0 0 0
0 0 0 0 0 0 0 28 29 30 31 32 33 34 35 36 37 38 39 40 41 42 43 44 45 46 47 0 0 0 0 0
0 0 0 0 0 0 28 29 30 31 0 0 34 35 36 37 38 39 40 0 0 43 44 45 46 47 48 0 0 0 0 0
23 0 0 0 0 28 29 30 31 32 0 0 35 36 37 38 39 40 0 0 0 44 45 46 47 48 49 0 0 0 0 0
24 25 26 27 28 29 30 31 32 33 0 0 0 37 38 39 40 0 0 0 0 0 46 47 48 49 0 0 0 0 54 55
25 26 27 28 29 30 31 32 33 34 0 0 0 38 39 40 0 0 0 0 0 0 47 48 49 50 0 0 0 0 55 56
26 27 28 29 30 31 32 33 34 35 0 0 0 0 40 0 0 0 0 0 0 0 48 49 50 51 0 0 0 55 56 57
27 28 29 30 31 32 33 34 35 36 0 0 0 0 41 0 0 0 0 0 0 0 49 50 51 52 0 0 55 56 57 58
28 29 30 31 32 33 34 35 36 37 0 0 0 41 42 43 44 0 0 0 48 49 50 51 52 53 54 55 56 57 58 59
29 30 31 32 33 34 35 36 37 38 39 0 41 42 43 44 45 46 47 48 49 50 51 52 53 54 55 56 57 58 59 60
30 31 32 33 34 35 36 37 38 39 40 41 42 43 44 45 46 47 48 49 50 51 52 53 54 55 56 57 58 59 60 61
0 0 33 34 35 36 37 38 39 40 41 42 43 44 45 46 47 48 49 50 51 52 53 54 55 56 57 58 59 60 61 62
0 0 0 35 36 37 38 39 40 41 42 43 44 45 46 47 48 49 50 51 52 53 54 55 56 57 58 59 60 61 62 63
0 0 0 0 37 38 39 40 41 42 43 44 45 46 47 48 49 50 51 52 53 54 55 56 57 58 59 60 61 62 63 64
0 0 0 0 0 0 0 0 42 43 44 45 46 47 48 49 50 51 52 53 54 55 56 57 58 59 60 61 62 63 64 65
0 0 0 0 0 0 0 0 0 0 0 0 0 48 49 50 51 52 53 54 55 56 0 0 0 60 61 62 63 64 65 66
36 37 0 0 0 0 0 0 0 0 0 0 0 0 0 51 52 53 54 55 56 57 0 0 0 0 0 0 0 0 0 0
37 38 39 0 0 0 0 0 0 0 0 0 0 0 0 0 53 54 55 56 57 58 0 0 0 0 0 0 0 0 0 0
38 39 40 41 0 0 0 0 0 0 0 0 0 0 0 0 54 55 56 57 58 59 0 0 0 0 0 0 0 0 0 0
39 40 41 42 43 0 0 0 0 0 0 0 0 0 0 0 55 56 57 58 59 60 0 0 0 0 0 0 0 0 0 0
40 41 42 43 44 45 0 0 0 0 0 0 0 0 0 0 56 57 58 59 60 61 0 0 0 0 0 0 0 69 70 71
0 42 43 44 45 46 0 0 0 0 0 0 0 0 0 56 57 0 0 0 0 0 0 0 0 0 0 68 69 70 71 72
0 43 44 45 46 47 0 0 0 0 0 0 0 55 56 57 0 0 0 0 0 0 0 0 0 0 0 69 70 71 72 73
0 0 45 46 47 48 0 0 0 0 0 0 0 56 57 58 59 0 0 0 0 0 0 0 0 0 0 70 71 72 73 74
0 0 46 47 48 49 0 0 0 0 0 0 0 57 58 59 60 0 0 0 0 0 0 0 0 0 0 71 72 73 74 75
0 0 47 48 49 50 0 0 0 0 0 0 0 0 59 60 61 62 63 0 0 0 0 0 0 0 0 0 73 74 75 76
0 0 0 0 50 0 0 0 0 0 0 0 0 0 60 61 62 63 64 65 0 0 0 0 0 0 0 0 74 75 76 77
0 0 0 0 0 0 0 0 0 0 0 0 0 0 61 62 63 64 65 66 67 68 0 0 0 0 0 0 75 76 77 78
0 0 0 0 0 0 0 0 0 0 0 0 0 61 62 63 64 65 66 67 68 69 0 0 0 0 0 0 76 77 78 79

Layer 18:
0 0 0 0 0 0 0 0 0 0 0 0 0 0 0 33 34 35 36 37 38 39 40 41 0 0 0 0 0 0 0 0
0 0 0 0 0 0 0 26 27 28 29 30 31 32 33 34 35 36 37 38 39 40 41 42 43 0 0 0 0 0 0 0
0 0 0 0 0 0 0 27 28 29 30 31 32 33 34 35 36 37 38 39 40 41 42 43 44 45 46 0 0 0 0 0
0 0 0 0 0 0 0 28 29 30 31 32 33 34 35 36 37 38 39 40 41 42 43 44 45 46 47 48 0 0 0 0
0 0 0 0 0 0 28 29 30 31 32 33 34 35 36 37 38 39 40 41 42 43 44 45 46 47 48 49 0 0 0 0
23 0 0 0 0 28 29 30 31 32 0 0 35 36 37 38 39 40 41 0 0 44 45 46 47 48 49 0 0 0 0 0
24 25 26 27 28 29 30 31 32 0 0 0 0 37 38 39 40 41 0 0 0 0 46 47 48 49 50 0 0 0 0 55
25 26 27 28 29 30 31 32 33 0 0 0 0 38 39 40 41 0 0 0 0 0 47 48 49 50 0 0 0 0 55 56
26 27 28 29 30 31 32 33 34 0 0 0 0 0 40 41 0 0 0 0 0 0 48 49 50 51 0 0 0 0 56 57
27 28 29 30 31 32 33 34 35 0 0 0 0 0 41 0 0 0 0 0 0 0 0 50 0 0 0 0 0 56 57 58
28 29 30 31 32 33 34 35 36 0 0 0 0 0 0 0 0 0 0 0 0 0 0 0 0 0 0 0 0 57 58 59
29 30 31 32 33 34 35 36 37 0 0 0 0 0 43 44 45 0 0 48 49 50 51 0 0 0 0 0 0 58 59 60
30 31 32 33 34 35 36 37 38 39 0 0 0 43 44 45 46 47 48 49 50 51 52 53 0 0 0 0 58 59 60 61
31 32 33 34 35 36 37 38 39 40 41 42 43 44 45 46 47 48 49 50 51 52 53 54 55 56 57 58 59 60 61 62
0 0 34 35 36 37 38 39 40 41 42 43 44 45 46 47 48 49 50 51 52 53 54 55 56 57 58 59 60 61 62 63
0 0 0 36 37 38 39 40 41 42 43 44 45 46 47 48 49 50 51 52 53 54 55 56 57 58 59 60 61 62 63 64
0 0 0 37 38 39 40 41 42 43 44 45 46 47 48 49 50 51 52 53 54 0 56 57 58 59 60 61 62 63 64 65
0 0 0 0 39 40 41 42 43 44 45 46 47 48 49 50 51 52 53 54 0 0 0 0 59 60 61 62 63 64 65 66
0 0 0 0 0 0 0 0 0 0 0 0 0 49 50 51 52 53 54 55 56 0 0 0 0 0 62 63 64 65 66 67
37 38 39 0 0 0 0 0 0 0 0 0 0 0 0 52 53 54 55 56 57 58 0 0 0 0 0 0 0 0 0 0
38 39 40 41 0 0 0 0 0 0 0 0 0 0 0 53 54 55 56 57 58 59 0 0 0 0 0 0 0 0 0 0
39 40 41 42 43 0 0 0 0 0 0 0 0 0 0 0 55 56 57 58 59 60 61 0 0 0 0 0 0 0 0 0
40 41 42 43 44 45 0 0 0 0 0 0 0 0 0 0 56 57 58 59 60 61 62 0 0 0 0 0 0 0 0 0
41 42 43 44 45 46 0 0 0 0 0 0 0 0 0 0 57 58 59 60 61 62 63 0 0 0 0 0 0 0 0 72
0 43 44 45 46 47 48 0 0 0 0 0 0 0 0 0 0 0 0 0 0 0 0 0 0 0 0 69 70 71 72 73
0 0 45 46 47 48 49 0 0 0 0 0 0 0 0 0 0 0 0 0 0 0 0 0 0 0 0 70 71 72 73 74
0 0 46 47 48 49 50 0 0 0 0 0 0 0 58 59 0 0 0 0 0 0 0 0 0 0 0 71 72 73 74 75
0 0 47 48 49 50 0 0 0 0 0 0 0 0 59 60 61 0 0 0 0 0 0 0 0 0 0 0 73 74 75 76
0 0 0 49 50 51 0 0 0 0 0 0 0 0 60 61 62 63 0 0 0 0 0 0 0 0 0 0 74 75 76 77
0 0 0 0 0 0 0 0 0 0 0 0 0 0 61 62 63 64 65 66 0 0 0 0 0 0 0 0 75 76 77 78
0 0 0 0 0 0 0 0 0 0 0 0 0 61 62 63 64 65 66 67 68 0 0 0 0 0 0 0 76 77 78 79
0 0 0 0 0 0 0 0 0 0 0 0 0 62 63 64 65 66 67 68 69 70 0 0 0 0 0 0 77 78 79 80

Layer 19:
0 0 0 0 0 0 0 0 0 0 0 0 0 0 0 34 35 36 37 38 39 40 41 42 0 0 0 0 0 0 0 0
0 0 0 0 0 0 26 27 28 29 30 31 32 33 34 35 36 37 38 39 40 41 42 43 44 45 0 0 0 0 0 0
0 0 0 0 0 26 27 28 29 30 31 32 33 34 35 36 37 38 39 40 41 42 43 44 45 46 47 0 0 0 0 0
0 0 24 25 26 27 28 29 30 31 32 33 34 35 36 37 38 39 40 41 42 43 44 45 46 47 48 49 0 0 0 53
23 24 25 26 27 28 29 30 31 32 33 34 35 36 37 38 39 40 41 42 43 44 45 46 47 48 49 50 0 0 53 54
24 25 26 27 28 29 30 31 32 33 0 0 36 37 38 39 40 41 42 0 0 45 46 47 48 49 50 0 0 0 54 55
25 26 27 28 29 30 31 32 33 0 0 0 0 38 39 40 41 42 0 0 0 0 47 48 49 50 51 0 0 0 55 56
26 27 28 29 30 31 32 33 0 0 0 0 0 39 40 41 42 0 0 0 0 0 48 49 50 51 0 0 0 0 0 57
27 28 29 30 31 32 33 34 0 0 0 0 0 0 41 42 0 0 0 0 0 0 49 50 0 0 0 0 0 0 57 58
28 29 30 31 32 33 34 35 0 0 0 0 0 0 0 0 0 0 0 0 0 49 0 0 0 0 0 0 0 0 58 59
29 30 31 32 33 34 35 36 0 0 0 0 0 0 0 0 0 0 0 48 49 50 0 0 0 0 0 0 0 0 59 60
30 31 32 33 34 35 36 37 38 0 0 0 0 0 0 0 0 47 48 49 50 51 0 0 0 0 0 0 0 59 60 61
31 32 33 34 35 36 37 38 39 0 0 0 0 0 0 46 47 48 49 50 51 52 0 0 0 0 0 0 0 60 61 62
32 33 34 35 36 37 38 39 40 41 0 0 0 0 46 47 48 49 50 51 52 53 0 0 0 0 0 0 60 61 62 63
0 0 0 36 37 38 39 40 41 42 43 0 0 46 47 48 49 50 51 52 53 54 0 0 0 0 59 60 61 62 63 64
0 0 0 37 38 39 40 41 42 43 44 45 46 47 48 49 50 51 52 53 54 0 0 0 0 59 60 61 62 63 64 65
0 0 0 38 39 40 41 42 43 44 45 46 47 48 49 50 51 52 53 54 0 0 0 0 59 60 61 62 63 64 65 66
0 0 0 0 40 41 42 43 44 45 46 47 48 49 50 51 52 53 54 0 0 0 0 0 0 61 62 63 64 65 66 67
0 0 0 0 0 0 43 44 45 46 0 0 0 50 51 52 53 54 55 56 0 0 0 0 0 0 63 64 65 66 67 68
38 39 40 0 0 0 0 0 0 0 0 0 0 0 0 53 54 55 56 57 58 0 0 0 0 0 0 0 0 0 0 0
39 40 41 42 43 0 0 0 0 0 0 0 0 0 0 54 55 56 57 58 59 0 0 0 0 0 0 0 0 0 0 0
40 41 42 43 44 45 0 0 0 0 0 0 0 0 0 0 56 57 58 59 60 61 0 0 0 0 0 0 0 0 0 0
41 42 43 44 45 46 47 0 0 0 0 0 0 0 0 0 57 58 59 60 61 62 63 0 0 0 0 0 0 0 0 0
42 43 44 45 46 47 48 0 0 0 0 0 0 0 0 0 58 59 60 61 62 63 64 0 0 0 0 0 0 0 0 73
0 44 45 46 47 48 49 0 0 0 0 0 0 0 0 0 0 0 0 0 0 0 0 0 0 0 0 0 71 72 73 74
0 0 46 47 48 49 50 0 0 0 0 0 0 0 0 0 0 0 0 0 0 0 0 0 0 0 0 0 72 73 74 75
0 0 47 48 49 50 51 0 0 0 0 0 0 0 0 0 0 0 0 0 0 0 0 0 0 0 0 0 73 74 75 76
0 0 0 49 50 51 0 0 0 0 0 0 0 0 60 61 62 0 0 0 0 0 0 0 0 0 0 0 74 75 76 77
0 0 0 0 0 0 0 0 0 0 0 0 0 0 61 62 63 64 0 0 0 0 0 0 0 0 0 0 75 76 77 78
0 0 0 0 0 0 0 0 0 0 0 0 0 61 62 63 64 65 66 67 0 0 0 0 0 0 0 0 76 77 78 79
0 0 0 0 0 0 0 0 0 0 0 0 0 62 63 64 65 66 67 68 69 0 0 0 0 0 0 0 77 78 79 80
0 0 0 0 0 0 0 0 0 0 0 61 62 63 64 65 66 67 68 69 70 0 0 0 0 0 0 0 78 79 80 81

Layer 20:
0 0 0 0 0 0 26 27 28 29 30 0 0 0 0 35 36 37 38 39 40 41 42 43 44 45 0 0 0 0 0 0
0 0 0 0 0 26 27 28 29 30 31 32 33 34 35 36 37 38 39 40 41 42 43 44 45 46 47 0 0 0 0 0
0 0 0 25 26 27 28 29 30 31 32 33 34 35 36 37 38 39 40 41 42 43 44 45 46 47 48 0 0 0 0 0
23 24 25 26 27 28 29 30 31 32 33 34 35 36 37 38 39 40 41 42 43 44 45 46 47 48 49 0 0 0 0 54
24 25 26 27 28 29 30 31 32 33 34 35 36 37 38 39 40 41 42 43 44 45 46 47 48 49 50 0 0 0 54 55
25 26 27 28 29 30 31 32 33 34 0 0 37 38 39 40 41 42 43 0 0 46 47 48 49 50 0 0 0 0 55 56
26 27 28 29 30 31 32 33 0 0 0 0 0 39 40 41 42 43 0 0 0 0 0 0 0 0 0 0 0 0 0 57
27 28 29 30 31 32 33 34 0 0 0 0 0 0 41 42 43 0 0 0 0 0 0 0 0 0 0 0 0 0 0 58
28 0 0 0 32 33 34 35 0 0 0 0 0 0 42 43 0 0 0 0 48 49 0 0 0 0 0 0 0 0 0 59
29 0 0 0 33 34 35 36 0 0 0 0 0 0 0 0 0 0 47 48 49 50 0 0 0 0 0 0 0 0 0 60
0 0 0 0 34 35 36 37 0 0 0 0 0 0 0 0 0 47 48 49 50 51 0 0 0 0 0 0 0 0 60 61
0 0 0 0 0 36 37 38 0 0 0 0 0 0 0 0 0 48 49 50 51 52 0 0 0 0 0 0 0 0 61 62
0 0 0 0 36 37 38 39 40 0 0 0 0 0 0 0 0 49 50 51 52 53 0 0 0 0 0 0 0 0 62 63
0 0 0 0 37 38 39 40 41 0 0 0 0 0 0 0 49 50 51 52 53 54 0 0 0 0 0 0 0 62 63 64
0 0 0 37 38 39 40 41 42 43 0 0 0 0 0 0 50 51 52 53 54 0 0 0 0 0 0 61 62 63 64 65
0 0 0 38 39 40 41 42 43 44 45 0 0 0 0 50 51 52 53 54 0 0 0 0 0 0 61 62 63 64 65 66
0 0 0 39 40 41 42 43 44 45 46 0 0 0 50 51 52 53 54 0 0 0 0 0 0 61 62 63 64 65 66 67
0 0 0 0 41 42 43 44 45 46 47 48 49 50 51 52 53 54 55 0 0 0 0 0 0 62 63 64 65 66 67 68
0 0 0 0 42 43 44 45 46 47 48 49 50 51 52 53 54 55 56 0 0 0 0 0 0 0 64 65 66 67 68 69
39 40 41 42 43 44 45 0 0 0 0 0 0 0 53 54 55 56 57 58 0 0 0 0 0 0 0 0 0 0 0 0
40 41 42 43 44 45 46 0 0 0 0 0 0 0 0 55 56 57 58 59 0 0 0 0 0 0 0 0 0 0 0 0
41 42 43 44 45 46 47 0 0 0 0 0 0 0 0 56 57 58 59 60 61 0 0 0 0 0 0 0 0 0 0 0
42 43 44 45 46 47 48 49 0 0 0 0 0 0 0 0 58 59 60 61 62 63 0 0 0 0 0 0 0 0 0 73
43 44 45 46 47 48 49 50 0 0 0 0 0 0 0 0 59 60 61 62 63 64 65 0 0 0 0 0 0 0 73 74
0 45 46 47 48 49 50 51 0 0 0 0 0 0 0 0 0 0 0 0 0 0 0 0 0 0 0 0 0 73 74 75
0 46 47 48 49 50 51 52 0 0 0 0 0 0 0 0 0 0 0 0 0 0 0 0 0 0 0 0 73 74 75 76
0 0 48 49 50 51 52 0 0 0 0 0 0 0 0 0 0 0 0 0 0 0 0 0 0 0 0 0 74 75 76 77
0 0 0 50 51 52 0 0 0 0 0 0 0 0 61 62 0 0 0 0 0 0 0 0 0 0 0 0 75 76 77 78
0 0 0 0 0 0 0 0 0 0 0 0 0 61 62 63 64 65 0 0 0 0 0 0 0 0 0 0 76 77 78 79
0 0 0 0 0 0 0 0 0 0 0 0 61 62 63 64 65 66 67 68 0 0 0 0 0 0 0 0 77 78 79 80
0 0 0 0 0 0 0 0 0 0 60 61 62 63 64 65 66 67 68 69 70 0 0 0 0 0 0 0 78 79 80 81
0 0 0 0 0 0 0 0 0 60 61 62 63 64 65 66 67 68 69 70 71 0 0 0 0 0 0 78 79 80 81 82

Layer 21:
0 0 0 0 0 0 27 28 29 30 31 32 33 34 35 36 37 38 39 40 41 42 43 44 45 46 47 0 0 0 0 0
0 0 0 0 26 27 28 29 30 31 32 33 34 35 36 37 38 39 40 41 42 43 44 45 46 47 48 0 0 0 0 0
0 0 25 26 27 28 29 30 31 32 33 34 35 36 37 38 39 40 41 42 43 44 45 46 47 48 49 0 0 0 0 0
24 25 26 27 28 29 30 31 32 33 34 35 36 37 38 39 40 41 42 43 44 45 46 47 48 49 0 0 0 0 0 55
25 26 27 28 29 30 31 32 33 34 35 36 37 38 39 40 0 0 0 44 45 46 47 48 49 0 0 0 0 0 55 56
26 27 28 29 30 31 32 33 0 0 36 37 38 39 40 41 0 0 0 0 0 47 0 0 0 0 0 0 0 0 56 57
27 28 29 30 31 32 33 0 0 0 0 0 0 40 41 42 0 0 0 0 0 0 0 0 0 0 0 0 0 0 0 58
0 0 0 0 32 33 34 0 0 0 0 0 0 0 42 43 0 0 0 0 48 0 0 0 0 0 0 0 0 0 0 59
0 0 0 0 0 34 35 0 0 0 0 0 0 0 0 0 0 0 47 48 49 50 0 0 0 0 0 0 0 0 0 0
0 0 0 0 0 35 36 0 0 0 0 0 0 0 0 0 0 47 48 49 50 51 52 0 0 0 0 0 0 0 0 61
0 0 0 0 0 36 37 0 0 0 0 0 0 0 0 0 0 48 49 50 51 52 0 0 0 0 0 0 0 0 0 62
0 0 0 0 0 37 38 39 0 0 0 0 0 0 0 0 0 49 50 51 52 53 0 0 0 0 0 0 0 0 0 63
0 0 0 0 0 38 39 40 0 0 0 0 0 0 0 0 0 50 51 52 53 54 0 0 0 0 0 0 0 0 0 64
0 0 0 0 38 39 40 41 42 0 0 0 0 0 0 0 0 51 52 53 54 55 0 0 0 0 0 0 0 0 64 65
0 0 0 38 39 40 41 42 43 44 0 0 0 0 0 0 0 52 53 54 55 56 0 0 0 0 0 0 63 64 65 66
0 0 0 39 40 41 42 43 44 45 0 0 0 0 0 0 52 53 54 55 56 0 0 0 0 0 62 63 64 65 66 67
0 0 0 0 41 42 43 44 45 46 47 0 0 0 0 52 53 54 0 0 0 0 0 0 0 62 63 64 65 66 67 68
0 0 0 0 42 43 44 45 46 47 48 49 50 51 52 53 54 55 0 0 0 0 0 0 0 63 64 65 66 67 68 69
0 0 0 0 43 44 45 46 47 48 49 50 51 52 53 54 55 56 0 0 0 0 0 0 0 0 65 66 67 68 69 70
40 41 42 43 44 45 46 47 48 49 50 51 52 53 54 55 56 57 58 0 0 0 0 0 0 0 0 0 0 0 0 71
41 42 43 44 45 46 47 48 0 0 0 0 53 54 55 56 57 58 59 0 0 0 0 0 0 0 0 0 0 0 0 72
42 43 44 45 46 47 48 49 0 0 0 0 0 0 0 57 58 59 60 61 0 0 0 0 0 0 0 0 0 0 72 73
43 44 45 46 47 48 49 50 0 0 0 0 0 0 0 58 59 60 61 62 63 0 0 0 0 0 0 0 0 0 73 74
44 45 46 47 48 49 50 51 0 0 0 0 0 0 0 0 60 61 62 63 64 65 0 0 0 0 0 0 0 73 74 75
0 46 47 48 49 50 51 52 0 0 0 0 0 0 0 0 0 0 63 64 0 66 67 0 0 0 0 0 0 74 75 76
0 0 48 49 50 51 52 53 0 0 0 0 0 0 0 0 0 0 0 0 0 0 0 69 0 0 0 0 74 75 76 77
0 0 49 50 51 52 53 54 0 0 0 0 0 0 0 0 0 0 0 0 0 0 0 70 71 0 0 0 75 76 77 78
0 0 0 0 52 53 54 0 0 0 0 0 0 0 62 0 0 0 0 0 0 0 0 0 72 0 0 0 76 77 78 79
0 0 0 0 0 0 0 0 0 0 0 60 61 62 63 64 65 66 0 0 0 0 0 0 0 0 0 0 77 78 79 80
0 0 0 0 0 0 0 0 0 0 60 61 62 63 64 65 66 67 68 0 0 0 0 0 0 0 0 77 78 79 80 81
51 0 0 0 0 0 0 0 59 60 61 62 63 64 65 66 67 68 69 70 0 0 0 0 0 0 0 78 79 80 81 82
52 0 0 0 0 0 0 0 60 61 62 63 64 65 66 67 68 69 70 71 0 0 0 0 0 0 78 79 80 81 82 83

Layer 22:
0 0 0 0 0 0 28 29 30 31 32 33 34 35 36 37 38 39 40 41 42 43 44 45 46 47 48 0 0 0 0 0
0 0 0 0 27 28 29 30 31 32 33 34 35 36 37 38 39 40 41 42 43 44 45 46 47 48 49 0 0 0 0 0
0 25 26 27 28 29 30 31 32 33 34 35 36 37 38 39 40 41 42 43 44 45 46 47 48 49 50 0 0 0 0 0
25 26 27 28 29 30 31 32 33 34 35 36 37 38 39 40 0 0 0 44 45 46 47 48 49 50 0 0 0 0 0 56
26 27 28 29 30 31 32 33 34 35 36 37 38 39 40 41 0 0 0 0 46 47 48 0 0 0 0 0 0 0 56 57
27 28 29 30 31 32 0 0 0 0 37 38 39 40 41 0 0 0 0 0 0 0 0 0 0 0 0 0 0 0 57 58
28 29 30 31 32 0 0 0 0 0 0 0 40 41 42 0 0 0 0 0 0 0 0 0 0 0 0 0 0 0 0 59
0 0 0 0 0 0 0 0 0 0 0 0 0 42 43 0 0 0 0 0 49 0 0 0 0 0 0 0 0 0 0 0
0 0 0 0 0 0 0 0 0 0 0 0 0 0 0 0 0 0 0 49 50 51 0 0 0 0 0 0 0 0 0 0
0 0 0 0 0 0 0 0 0 0 0 0 0 0 0 0 0 48 49 50 51 52 53 0 0 0 0 0 0 0 0 0
0 0 0 0 0 0 0 0 0 0 0 0 0 0 0 0 0 49 50 51 52 53 0 0 0 0 0 0 0 0 0 0
0 0 0 0 0 38 39 40 0 0 0 0 0 0 0 0 0 50 51 52 53 54 0 0 0 0 0 0 0 0 0 0
0 0 0 0 38 39 40 41 42 0 0 0 0 0 0 0 0 51 52 53 54 55 0 0 0 0 0 0 0 0 0 0
0 0 0 0 39 40 41 42 43 0 0 0 0 0 0 0 51 52 53 54 55 56 0 0 0 0 0 0 0 0 0 0
0 0 0 0 40 41 42 43 44 45 0 0 0 0 0 0 52 53 54 55 56 57 0 0 0 0 0 0 0 0 66 67
0 0 0 0 41 42 43 44 45 46 0 0 0 0 0 52 53 54 55 56 57 0 0 0 0 0 63 64 65 66 67 68
0 0 0 0 0 43 44 45 46 47 48 0 0 51 52 53 54 55 56 0 0 0 0 0 0 63 64 65 66 67 68 69
0 0 0 0 0 44 45 46 47 48 49 50 51 52 53 54 55 56 0 0 0 0 0 0 0 64 65 66 67 68 69 70
0 0 0 0 0 0 46 47 48 49 50 51 52 53 54 55 56 0 0 0 0 0 0 0 0 65 66 67 68 69 70 71
41 42 43 44 45 46 47 48 49 50 51 52 53 54 55 56 57 58 0 0 0 0 0 0 0 0 0 0 0 0 71 72
42 43 44 45 46 47 48 49 50 51 52 53 54 55 56 57 58 59 0 0 0 0 0 0 0 0 0 0 0 0 72 73
43 44 45 46 47 48 49 50 51 52 53 54 55 56 57 58 59 60 61 0 0 0 0 0 0 0 0 0 0 0 73 74
44 45 46 47 48 49 50 51 52 53 54 55 56 57 58 59 60 61 62 63 0 0 0 0 0 0 0 0 0 73 74 75
0 0 47 48 49 50 51 52 53 0 0 0 0 0 0 60 61 62 63 64 65 0 0 0 0 0 0 0 0 74 75 76
0 0 48 49 50 51 52 53 54 0 0 0 0 0 0 0 0 0 0 65 66 67 68 69 0 0 0 0 0 75 76 77
0 0 0 50 51 52 53 54 55 0 0 0 0 0 0 0 0 0 0 0 0 68 69 70 71 72 0 0 0 76 77 78
0 0 0 51 52 53 54 55 0 0 0 0 0 0 0 0 0 0 0 0 0 0 70 71 72 73 74 0 76 77 78 79
0 0 0 0 0 54 55 56 0 0 0 60 61 0 0 0 0 0 0 0 0 0 71 72 73 74 75 76 77 78 79 80
0 0 0 0 0 0 0 0 0 59 60 61 62 63 64 65 0 0 0 0 0 0 0 73 74 75 76 77 78 79 80 81
51 0 0 0 0 0 0 0 59 60 61 62 63 64 65 66 67 68 69 0 0 0 0 0 75 76 77 78 79 80 81 82
52 53 0 0 0 0 0 59 60 61 62 63 64 65 66 67 68 69 70 0 0 0 0 0 0 0 78 79 80 81 82 83
53 54 0 0 0 0 0 60 61 62 63 64 65 66 67 68 69 70 71 0 0 0 0 0 0 0 79 80 81 82 83 84

Layer 23:
0 0 0 0 0 28 29 30 31 32 33 34 35 36 37 38 39 40 41 42 43 44 45 46 47 48 49 0 0 0 0 0
0 0 0 27 28 29 30 31 32 33 34 35 36 37 38 39 40 41 42 43 44 45 46 47 48 49 50 0 0 0 0 0
25 26 27 28 29 30 31 32 33 34 35 36 37 38 39 40 0 0 0 44 45 46 47 48 49 50 51 0 0 0 0 0
26 27 28 29 30 31 32 33 34 35 36 37 38 39 40 41 0 0 0 0 46 47 48 49 50 0 0 0 0 0 0 57
27 28 29 30 31 32 0 0 0 36 37 38 39 40 41 42 0 0 0 0 0 48 0 0 0 0 0 0 0 0 57 58
28 29 30 31 32 0 0 0 0 0 38 39 40 41 42 0 0 0 0 0 0 0 0 0 0 0 0 0 0 0 58 59
29 30 31 32 0 0 0 0 0 0 0 40 41 42 43 0 0 0 0 0 0 0 0 0 0 0 0 0 0 0 0 60
0 0 0 0 0 0 0 0 0 0 0 0 42 43 44 0 0 0 0 0 0 0 0 0 0 0 0 0 0 0 0 0
0 0 0 0 0 0 0 0 0 0 0 0 43 44 0 0 0 0 0 50 51 52 0 0 0 0 0 0 0 0 0 0
0 0 0 0 0 0 0 0 0 0 0 0 0 0 0 0 0 0 50 51 52 53 0 0 0 0 0 0 0 0 0 0
0 0 0 0 0 0 0 0 0 0 0 0 0 0 0 0 0 50 51 52 53 54 55 0 0 0 0 0 0 0 0 0
0 0 0 0 38 39 40 41 0 0 0 0 0 0 0 0 50 51 52 53 54 55 0 0 0 0 0 0 0 0 0 0
0 0 0 0 39 40 41 42 43 0 0 0 0 0 0 0 51 52 53 54 55 56 0 0 0 0 0 0 0 0 0 0
0 0 0 39 40 41 42 43 44 45 0 0 0 0 0 51 52 53 54 55 56 57 0 0 0 0 0 0 0 0 0 0
0 0 0 0 41 42 43 44 45 46 0 0 0 0 51 52 53 54 55 56 57 58 0 0 0 0 0 0 0 0 0 0
38 0 0 0 42 43 44 45 46 47 48 0 50 51 52 53 54 55 56 57 58 0 0 0 0 0 64 65 0 0 0 0
39 0 0 0 0 44 45 46 47 48 49 50 51 52 53 54 55 56 57 0 0 0 0 0 63 64 65 66 0 0 0 70
40 0 0 0 0 0 0 47 48 49 50 51 52 53 54 55 56 57 0 0 0 0 0 0 64 65 66 67 0 0 0 71
41 0 0 0 0 0 0 48 49 50 51 52 53 54 55 56 57 0 0 0 0 0 0 0 65 66 67 68 0 0 0 72
42 0 0 0 0 0 48 49 50 51 52 53 54 55 56 57 58 0 0 0 0 0 0 0 0 67 68 0 0 0 72 73
43 0 45 46 47 48 49 50 51 52 53 54 55 56 57 58 59 60 0 0 0 0 0 0 0 0 0 0 0 0 73 74
0 0 46 47 48 49 50 51 52 53 54 55 56 57 58 59 60 61 0 0 0 0 0 0 0 0 0 0 0 73 74 75
0 0 0 48 49 50 51 52 53 54 55 56 57 58 59 60 61 62 63 0 0 0 0 0 0 0 0 0 0 74 75 76
0 0 0 49 50 51 52 53 54 55 56 57 58 59 60 61 0 0 0 65 0 0 0 0 0 0 0 0 0 75 76 77
0 0 0 0 51 52 53 54 55 56 57 58 59 60 0 0 0 0 0 0 67 68 69 70 0 0 0 0 0 76 77 78
0 0 0 0 52 53 54 55 56 0 0 0 0 0 0 0 0 0 0 0 68 69 70 71 72 73 0 0 0 77 78 79
0 0 0 0 53 54 55 56 57 0 0 0 0 0 0 0 0 0 0 0 69 70 71 72 73 74 75 0 0 78 79 80
0 0 0 0 0 55 56 57 0 0 60 61 62 0 0 0 0 0 0 0 70 71 72 73 74 75 76 77 78 79 80 81
51 0 0 0 0 0 0 0 59 60 61 62 63 64 0 0 0 0 69 70 71 72 73 74 75 76 77 78 79 80 81 82
52 53 54 0 0 0 0 59 60 61 62 63 64 65 66 67 68 69 70 71 0 0 0 75 76 77 78 79 80 81 82 83
53 54 55 0 0 0 0 60 61 62 63 64 65 66 67 68 69 70 71 0 0 0 0 0 0 78 79 80 81 82 83 84
54 55 56 57 0 0 0 61 62 63 64 65 66 67 68 69 70 71 72 0 0 0 0 0 0 79 80 81 82 83 84 85

Layer 24:
0 0 0 0 28 29 0 0 0 33 34 35 36 37 38 39 40 41 42 43 44 45 46 47 48 49 50 51 0 0 0 0
0 0 27 28 29 30 31 0 33 34 35 36 37 38 39 40 41 42 43 44 45 46 47 48 49 50 51 0 0 0 0 0
26 27 28 29 30 31 32 0 34 35 36 37 38 39 40 41 0 0 0 45 46 47 48 49 50 51 0 0 0 0 0 0
27 28 29 30 31 32 0 0 0 36 37 38 39 40 41 42 0 0 0 0 47 48 49 50 0 0 0 0 0 0 0 58
28 29 30 31 32 0 0 0 0 0 38 39 40 41 42 43 0 0 0 0 0 0 0 0 0 0 0 0 0 0 0 59
29 30 31 32 0 0 0 0 0 0 0 40 41 42 43 0 0 0 0 0 0 0 0 0 0 0 0 0 0 0 0 60
30 31 32 33 0 0 0 0 0 0 0 41 42 43 44 0 0 0 0 0 0 0 0 0 0 0 0 0 0 0 0 61
0 0 0 0 0 0 0 0 0 0 0 42 43 44 45 0 0 0 0 0 0 0 0 0 0 0 0 0 0 0 0 0
0 0 0 0 0 0 0 0 0 0 0 0 44 45 46 0 0 0 0 0 52 0 0 0 0 0 0 0 0 0 0 0
0 0 0 0 0 0 0 0 0 0 0 0 0 0 0 0 0 0 51 52 53 54 0 0 0 0 0 0 0 0 0 0
0 0 0 0 0 0 0 0 0 0 0 0 0 0 0 0 0 51 52 53 54 55 56 0 0 0 0 0 0 0 0 0
0 0 0 0 39 40 41 42 43 0 0 0 0 0 0 0 51 52 53 54 55 56 0 0 0 0 0 0 0 0 0 0
0 0 0 39 40 41 42 43 44 45 0 0 0 0 50 51 52 53 54 55 56 57 0 0 0 0 0 0 0 0 0 0
0 0 0 40 41 42 43 44 45 46 0 0 0 50 51 52 53 54 55 56 57 58 0 0 0 0 0 0 0 0 0 0
38 0 0 0 42 43 44 45 46 47 48 49 50 51 52 53 54 55 56 57 58 59 0 0 0 0 0 0 0 0 0 0
39 0 0 0 0 44 45 46 47 48 49 50 51 52 53 54 55 56 57 58 59 60 61 62 63 64 65 0 0 0 0 0
40 0 0 0 0 0 46 47 48 49 50 51 52 53 54 55 56 57 58 59 60 61 62 63 64 65 66 0 0 0 0 0
41 0 0 0 0 0 0 48 49 50 51 52 53 54 55 56 57 58 59 0 0 0 63 64 65 66 67 0 0 0 0 0
42 0 0 0 0 0 0 0 50 51 52 53 54 55 56 57 58 0 0 0 0 0 0 65 66 67 68 0 0 0 0 73
43 0 0 0 0 0 0 0 51 52 53 54 55 56 57 58 59 0 0 0 0 0 0 0 67 68 69 0 0 0 0 74
0 0 0 0 0 49 50 51 52 53 54 55 56 57 58 59 60 0 0 0 0 0 0 0 0 0 0 0 0 0 74 75
0 0 0 0 49 50 51 52 53 54 55 56 57 58 59 60 61 0 0 0 0 0 0 0 0 0 0 0 0 74 75 76
0 0 0 0 50 51 52 53 54 55 56 57 58 59 60 61 62 0 0 0 0 0 0 0 0 0 0 0 0 75 76 77
0 0 0 0 0 52 53 54 55 56 57 58 59 60 61 0 0 0 0 0 0 0 0 0 0 0 0 0 0 76 77 78
0 0 0 0 0 53 54 55 56 57 58 59 60 61 0 0 0 0 0 0 68 69 70 71 0 0 0 0 0 77 78 79
0 0 0 0 0 54 55 56 57 58 59 60 0 0 0 0 0 0 0 68 69 70 71 72 73 74 0 0 0 78 79 80
0 0 0 0 0 0 56 57 0 0 0 0 0 0 0 0 0 0 0 69 70 71 72 73 74 75 76 0 0 79 80 81
0 0 0 0 0 0 0 0 0 0 0 0 0 0 0 0 0 0 69 70 71 72 73 74 75 76 77 78 79 80 81 82
52 53 0 0 0 0 0 0 0 0 0 0 0 0 0 0 0 0 70 71 72 73 74 75 76 77 78 79 80 81 82 83
53 54 55 56 0 0 0 0 0 0 63 64 65 66 0 0 0 70 71 72 73 0 75 76 77 78 79 80 81 82 83 84
54 55 56 57 58 0 0 0 62 63 64 65 66 67 68 69 70 71 72 73 0 0 0 0 78 79 80 81 82 83 84 85
55 56 57 58 59 0 0 62 63 64 65 66 67 68 69 70 71 72 73 0 0 0 0 0 0 80 81 82 83 84 0 86

Layer 25:
0 0 0 0 0 0 0 0 0 0 0 0 37 38 39 40 41 42 43 44 45 46 47 48 49 50 51 52 0 0 0 0
0 0 28 29 30 0 0 0 0 0 0 37 38 39 40 41 42 43 44 45 46 47 48 49 50 51 52 0 0 0 0 0
27 28 29 30 31 32 0 0 0 0 37 38 39 40 41 42 43 0 0 46 47 48 49 50 51 52 0 0 0 0 0 0
28 29 30 31 32 0 0 0 0 0 38 39 40 41 42 43 0 0 0 0 0 49 50 0 0 0 0 0 0 0 0 0
29 30 31 32 33 0 0 0 0 0 39 40 41 42 43 44 0 0 0 0 0 0 0 0 0 0 0 0 0 0 0 60
30 31 32 33 0 0 0 0 0 0 0 41 42 43 44 0 0 0 0 0 0 0 0 0 0 0 0 0 0 0 0 61
31 32 33 0 0 0 0 0 0 0 0 42 43 44 45 0 0 0 0 0 0 0 0 0 0 0 0 0 0 0 0 0
32 33 34 0 0 0 0 0 0 0 0 43 44 45 46 0 0 0 0 0 0 0 0 0 0 0 0 0 0 0 0 0
33 34 35 0 0 0 0 0 0 0 0 44 45 46 47 0 0 0 0 0 0 0 0 0 0 0 0 0 0 0 0 0
34 35 36 0 0 0 0 0 0 0 0 0 46 47 48 0 0 0 0 53 54 55 0 0 0 0 0 0 0 0 0 0
35 36 37 38 39 40 41 0 0 0 0 0 0 0 49 0 0 52 53 54 55 56 0 0 0 0 0 0 0 0 0 0
0 0 0 39 40 41 42 43 44 45 0 0 0 49 50 51 52 53 54 55 56 57 0 0 0 0 0 0 0 0 0 0
0 0 0 40 41 42 43 44 45 46 47 48 49 50 51 52 53 54 55 56 57 58 0 0 0 0 0 0 0 0 0 0
38 0 0 41 42 43 44 45 46 47 48 49 50 51 52 53 54 55 56 57 58 59 0 0 0 0 0 0 0 0 0 0
39 0 0 0 43 44 45 46 47 48 49 50 51 52 53 54 55 56 57 58 59 60 61 62 63 64 65 0 0 0 0 0
40 0 0 0 0 0 46 47 48 49 50 51 52 53 54 55 56 57 58 59 60 61 62 63 64 65 66 0 0 0 0 0
41 0 0 0 0 0 0 48 49 50 51 52 53 54 55 56 57 58 59 60 61 62 63 64 65 66 67 0 0 0 0 0
42 0 0 0 0 0 0 0 50 51 52 53 54 55 56 57 58 59 60 61 62 63 64 65 66 67 68 0 0 0 0 0
43 0 0 0 0 0 0 0 51 52 53 54 55 56 57 58 59 60 0 0 0 0 65 66 67 68 69 0 0 0 0 0
44 0 0 0 0 0 0 0 52 53 54 55 56 57 58 59 0 0 0 0 0 0 0 67 68 69 70 0 0 0 0 0
0 0 0 0 0 0 0 52 53 54 55 56 57 58 59 60 0 0 0 0 0 0 0 0 69 70 0 0 0 0 0 76
0 0 0 0 0 0 52 53 54 55 56 57 58 59 60 61 0 0 0 0 0 0 0 0 0 0 0 0 0 0 76 77
0 0 0 0 0 0 53 54 55 56 57 58 59 60 61 62 0 0 0 0 0 0 0 0 0 0 0 0 0 0 77 78
0 0 0 0 0 0 54 55 56 57 58 59 60 61 62 0 0 0 0 0 0 0 0 0 0 0 0 0 0 0 78 79
0 0 0 0 0 0 55 56 57 58 59 60 61 0 0 0 0 0 0 68 69 70 71 72 0 0 0 0 0 0 79 80
0 0 0 0 0 0 0 57 0 0 0 0 0 0 0 0 0 0 0 69 70 71 72 73 74 75 0 0 0 0 80 81
0 0 0 0 0 0 0 0 0 0 0 0 0 0 0 0 0 0 69 70 71 72 73 74 75 76 77 0 0 0 81 82
0 0 0 0 0 0 0 0 0 0 0 0 0 0 0 0 0 0 70 71 72 73 74 75 76 77 78 79 80 81 82 83
0 0 0 0 0 58 0 0 0 0 0 0 0 0 0 0 0 70 71 72 73 74 75 76 77 78 79 80 81 82 83 84
54 55 56 57 58 59 0 0 0 0 0 0 0 0 0 0 70 71 72 73 74 75 76 77 78 79 80 81 82 83 84 85
55 56 57 58 59 60 0 0 0 0 0 0 67 68 69 70 71 72 73 74 0 0 0 0 79 80 81 82 83 84 85 86
56 57 58 59 60 61 0 0 0 0 0 67 68 69 70 71 72 73 74 75 0 0 0 0 80 81 82 83 84 85 86 87

Layer 26:
0 0 0 0 0 0 0 0 0 0 0 0 0 39 40 41 42 43 44 45 46 47 48 49 50 51 52 0 0 0 0 0
0 0 0 0 0 0 0 0 0 0 0 0 39 40 41 42 43 44 45 46 47 48 49 50 51 52 0 0 0 0 0 0
0 0 30 31 32 0 0 0 0 0 0 39 40 41 42 43 44 0 0 0 48 49 50 51 52 0 0 0 0 0 0 0
0 30 31 32 33 0 0 0 0 0 0 40 41 42 43 44 0 0 0 0 0 0 0 0 0 0 0 0 0 0 0 0
30 31 32 33 0 0 0 0 0 0 40 41 42 43 44 45 0 0 0 0 0 0 0 0 0 0 0 0 0 0 0 61
31 32 33 34 0 0 0 0 0 0 41 42 43 44 45 46 0 0 0 0 0 0 0 0 0 0 0 0 0 0 0 62
32 33 34 35 0 0 0 0 0 0 42 43 44 45 46 0 0 0 0 0 0 0 0 0 0 0 0 0 0 0 0 0
33 34 35 36 0 0 0 0 0 0 0 44 45 46 47 0 0 0 0 0 0 0 0 0 0 0 0 0 0 0 0 0
34 35 36 37 38 0 0 0 0 0 0 45 46 47 48 0 0 0 0 0 0 0 0 0 0 0 0 0 0 0 0 0
35 36 37 38 39 40 0 0 0 0 0 46 47 48 49 0 0 0 0 0 0 0 0 0 0 0 0 0 0 0 0 0
36 37 38 39 40 41 42 43 44 0 46 47 48 49 50 51 52 0 0 55 0 0 0 0 0 0 0 0 0 0 0 0
37 38 39 40 41 42 43 44 45 46 47 48 49 50 51 52 53 54 55 56 57 0 0 0 0 0 0 0 0 0 0 0
38 39 40 41 42 43 44 45 46 47 48 49 50 51 52 53 54 55 56 57 58 59 0 0 0 0 0 0 0 0 0 0
39 40 0 0 43 44 45 46 47 48 49 50 51 52 53 54 55 56 57 58 59 60 61 62 63 64 65 0 0 0 0 0
40 0 0 0 0 45 46 47 48 49 50 51 52 53 54 55 56 57 58 59 60 61 62 63 64 65 66 0 0 0 0 0
41 0 0 0 0 0 47 48 49 50 51 52 53 54 55 56 57 58 59 60 61 62 63 64 65 66 67 0 0 0 0 0
42 0 0 0 0 0 0 49 50 51 52 53 54 55 56 57 58 59 60 61 62 63 64 65 66 67 68 0 0 0 0 0
43 0 0 0 0 0 0 0 51 52 53 54 55 56 57 58 59 60 61 62 63 64 65 66 67 68 69 0 0 0 0 0
44 0 0 0 0 0 0 0 52 53 54 55 56 57 58 59 60 61 62 63 64 65 66 67 68 69 70 0 0 0 0 0
45 0 0 0 0 0 0 52 53 54 55 56 57 58 59 0 0 0 0 0 0 0 67 68 69 70 71 0 0 0 0 0
0 0 0 0 0 0 0 53 54 55 56 57 58 59 60 0 0 0 0 0 0 0 0 69 70 71 0 0 0 0 0 0
0 0 0 0 0 0 53 54 55 56 57 58 59 60 61 0 0 0 0 0 0 0 0 0 0 0 0 0 0 0 0 0
0 0 0 0 0 0 54 55 56 57 58 59 60 61 62 0 0 0 0 0 0 0 0 0 0 0 0 0 0 0 78 79
0 0 0 0 0 0 0 56 57 58 59 60 61 62 0 0 0 0 0 0 0 0 0 0 0 0 0 0 0 0 79 80
0 0 0 0 0 0 0 57 58 59 60 61 62 0 0 0 0 0 0 69 70 71 72 73 0 0 0 0 0 0 80 81
0 0 0 0 0 0 0 58 0 0 0 0 0 0 0 0 0 0 69 70 71 72 73 74 75 0 0 0 0 0 81 82
0 0 0 0 0 0 58 59 0 0 0 0 0 0 0 0 0 0 70 71 72 73 74 75 76 77 78 0 0 0 82 83
0 0 0 0 0 58 59 0 0 0 0 0 0 0 0 0 0 70 71 72 73 74 75 76 77 78 79 80 81 82 83 84
0 0 0 0 58 59 60 0 0 0 0 0 0 0 0 0 0 71 72 73 74 75 76 77 78 79 80 81 82 83 84 85
55 56 0 0 59 60 61 0 0 0 0 0 0 0 0 0 71 72 73 74 75 76 77 78 79 80 81 82 83 84 85 86
56 57 58 59 60 61 62 0 0 0 0 0 0 0 70 71 72 73 74 75 76 0 0 79 80 81 82 83 84 85 86 87
57 58 59 60 61 62 63 0 0 0 0 0 69 70 71 72 73 74 75 76 0 0 0 0 81 82 83 84 85 86 87 88

Layer 27:
0 0 0 0 0 0 0 0 0 0 0 0 0 40 41 42 43 44 45 46 47 48 49 50 51 52 0 0 0 0 0 58
0 0 0 0 0 0 0 0 0 0 0 0 0 41 42 43 44 45 46 47 48 49 50 51 52 0 0 0 0 0 0 0
0 0 0 0 0 0 0 0 0 0 0 0 41 42 43 44 45 46 0 0 0 50 0 0 0 0 0 0 0 0 0 0
0 0 0 0 0 0 0 0 0 0 0 41 42 43 44 45 0 0 0 0 0 0 0 0 0 0 0 0 0 0 0 0
0 0 0 0 35 0 0 0 0 0 41 42 43 44 45 46 0 0 0 0 0 0 0 0 0 0 0 0 0 0 0 0
32 33 34 35 36 37 38 0 0 0 42 43 44 45 46 47 0 0 0 0 0 0 0 0 0 0 0 0 0 0 62 63
33 34 35 36 37 38 39 40 41 42 43 44 45 46 47 0 0 0 0 0 0 0 0 0 0 0 0 0 0 0 0 0
34 35 36 37 38 39 40 41 42 43 44 45 46 47 48 0 0 0 0 0 0 0 0 0 0 0 0 0 0 0 0 0
35 36 37 38 39 40 41 42 43 44 45 46 47 48 49 0 0 0 0 0 0 0 0 0 0 0 0 0 0 0 0 0
36 37 38 39 40 41 42 43 44 45 46 47 48 49 50 51 0 0 0 0 0 0 0 0 0 0 0 0 0 0 0 0
37 38 39 40 41 42 43 44 45 46 47 48 49 50 51 52 53 54 55 0 0 0 0 0 0 0 0 0 0 0 0 0
38 39 40 41 42 43 44 45 46 47 48 49 50 51 52 53 54 55 56 57 0 0 0 0 0 0 0 0 0 0 0 0
39 40 41 42 43 44 45 46 47 48 49 50 51 52 53 54 55 56 57 58 59 60 0 0 0 0 0 0 0 0 0 0
40 41 0 0 44 45 46 47 48 49 50 51 52 53 54 55 56 57 58 59 60 61 62 63 64 65 0 0 0 0 0 0
41 0 0 0 0 46 47 48 49 50 51 52 53 54 55 56 57 58 59 60 61 62 63 64 65 66 67 0 0 0 0 0
42 0 0 0 0 0 0 49 50 51 52 53 54 55 56 57 58 59 60 61 62 63 64 65 66 67 68 0 0 0 0 0
43 0 0 0 0 0 0 0 51 52 53 54 55 56 57 58 59 60 61 62 63 64 65 66 67 68 69 0 0 0 0 0
44 0 0 0 0 0 0 0 52 53 54 55 56 57 58 59 60 61 62 63 64 65 66 67 68 69 70 0 0 0 0 0
45 0 0 0 0 0 0 0 53 54 55 56 57 58 59 60 61 62 63 64 65 66 67 68 69 70 71 0 0 0 0 0
46 0 0 0 0 0 0 53 54 55 56 57 58 0 0 0 0 0 0 0 0 0 68 69 70 71 72 0 0 0 0 0
0 0 0 0 0 0 53 54 55 56 57 58 59 60 0 0 0 0 0 0 0 0 0 70 71 72 0 0 0 0 0 0
0 0 0 0 0 0 54 55 56 57 58 59 60 61 0 0 0 0 0 0 0 0 0 0 0 0 0 0 0 0 0 0
0 0 0 0 0 0 55 56 57 58 59 60 61 62 0 0 0 0 0 0 0 0 0 0 0 0 0 0 0 0 0 0
0 0 0 0 0 0 0 57 58 59 60 61 62 0 0 0 0 0 0 0 0 0 0 0 0 0 0 0 0 0 0 0
0 0 0 0 0 0 0 58 59 60 61 62 0 0 0 0 0 0 0 70 71 72 73 74 0 0 0 0 0 0 0 0
0 0 0 0 0 0 58 59 60 0 0 0 0 0 0 0 0 0 70 71 72 73 74 75 76 0 0 0 0 0 82 83
0 0 0 0 0 58 59 60 61 0 0 0 0 0 0 0 0 70 71 72 73 74 75 76 77 78 79 0 81 82 83 84
0 0 0 0 58 59 60 61 0 0 0 0 0 0 0 0 0 71 72 73 74 75 76 77 78 79 80 81 82 83 84 85
55 0 0 0 59 60 61 62 0 0 0 0 0 0 0 0 71 72 73 74 75 76 77 78 79 80 81 82 83 84 85 86
56 0 0 0 60 61 62 63 0 0 0 0 0 0 0 0 72 73 74 75 76 77 78 79 80 81 82 83 84 85 86 87
57 0 0 0 0 62 63 0 0 0 0 0 0 0 71 72 73 74 75 76 77 0 0 0 0 82 83 84 85 86 87 88
58 0 0 0 0 63 64 0 0 0 0 0 0 71 72 73 74 75 76 77 0 0 0 0 0 83 84 85 86 87 88 89

Layer 28:
0 0 0 0 0 0 0 0 0 0 0 0 0 41 42 43 44 45 46 47 48 49 50 51 52 53 0 0 0 0 0 59
0 0 0 0 0 0 0 0 0 0 0 0 0 42 43 44 45 46 47 48 49 50 51 52 53 0 0 0 0 0 0 60
0 0 0 0 0 0 0 0 0 0 0 0 42 43 44 45 46 47 0 0 0 0 0 0 0 0 0 0 0 0 0 0
0 0 0 0 0 0 0 0 0 0 0 42 43 44 45 46 0 0 0 0 0 0 0 0 0 0 0 0 0 0 0 0
0 0 0 0 36 37 38 39 40 0 42 43 44 45 46 47 0 0 0 0 0 0 0 0 0 0 0 0 0 0 0 63
33 34 35 36 37 38 39 40 41 42 43 44 45 46 47 48 0 0 0 0 0 0 0 0 0 0 0 60 61 62 63 64
34 35 36 37 38 39 40 41 42 43 44 45 46 47 48 49 0 0 0 0 0 0 0 0 0 0 60 61 62 63 64 65
35 36 37 38 39 40 41 42 43 44 45 46 47 48 49 0 0 0 0 0 0 0 0 0 0 0 0 62 63 64 65 66
36 37 38 39 40 41 42 43 44 45 46 47 48 49 50 51 0 0 0 0 0 0 0 0 0 0 0 0 0 0 0 0
37 38 39 40 41 42 43 44 45 46 47 48 49 50 51 52 53 0 0 0 0 0 0 0 0 0 0 0 0 0 0 0
38 39 40 41 42 43 44 45 46 47 48 49 50 51 52 53 54 55 56 0 0 0 0 0 0 0 0 0 0 0 0 0
39 40 41 42 43 44 45 46 47 48 49 50 51 52 53 54 55 56 57 58 59 0 0 0 0 0 0 0 0 0 0 0
40 41 42 43 44 45 46 47 48 49 50 51 52 53 54 55 56 57 58 59 60 61 0 0 0 0 0 0 0 0 0 0
41 42 0 0 0 46 47 48 49 50 51 52 53 54 55 56 57 58 59 60 61 62 63 64 65 66 0 0 0 0 0 0
42 0 0 0 0 0 48 49 50 51 52 53 54 55 56 57 58 59 60 61 62 63 64 65 66 67 68 0 0 0 0 0
43 0 0 0 0 0 0 50 51 52 53 54 55 56 57 58 59 60 61 62 63 64 65 66 67 68 69 0 0 0 0 0
44 0 0 0 0 0 0 0 52 53 54 55 56 57 58 59 60 61 62 63 64 65 66 67 68 69 70 0 0 0 0 0
45 0 0 0 0 0 0 0 53 54 0 0 0 0 59 60 61 62 63 64 65 66 67 68 69 70 71 0 0 0 0 0
0 0 0 0 0 0 0 53 54 55 56 0 0 0 0 0 62 63 64 65 66 67 68 69 70 71 72 0 0 0 0 0
0 0 0 0 0 0 53 54 55 56 57 58 0 0 0 0 0 0 0 0 0 0 69 70 71 72 73 0 0 0 0 0
0 0 0 0 0 0 54 55 56 57 58 59 60 0 0 0 0 0 0 0 0 0 0 71 72 73 74 0 0 0 0 0
0 0 0 0 0 0 55 56 57 58 59 60 61 0 0 0 0 0 0 0 0 0 0 0 0 0 0 0 0 0 0 0
0 0 0 0 0 0 56 57 58 59 60 61 62 63 0 0 0 0 0 0 0 0 0 0 0 0 0 0 0 0 0 0
0 0 0 0 0 0 57 58 59 60 61 62 63 0 0 0 0 0 0 0 0 0 0 0 0 0 0 0 0 0 0 0
0 0 0 0 0 0 58 59 60 61 62 63 0 0 0 0 0 0 0 71 72 73 74 75 0 0 0 0 0 0 0 0
0 0 0 0 0 58 59 60 61 62 0 0 0 0 0 0 0 0 71 72 73 74 75 76 77 0 0 0 0 0 83 84
0 0 0 0 58 59 60 61 62 0 0 0 0 0 0 0 0 71 72 73 74 75 76 77 78 79 80 81 82 83 84 85
0 0 0 0 59 60 61 62 63 0 0 0 0 0 0 0 71 72 73 74 75 76 77 78 79 80 81 82 83 84 85 86
56 0 0 0 60 61 62 63 64 0 0 0 0 0 0 0 72 73 74 75 76 77 78 79 80 81 82 83 84 85 86 87
57 0 0 0 0 62 63 64 0 0 0 0 0 0 0 72 73 74 75 76 77 78 0 0 0 82 83 84 85 86 87 88
58 0 0 0 0 63 64 65 0 0 0 0 0 0 0 73 74 75 76 77 78 0 0 0 0 0 84 85 86 87 88 89
59 0 0 0 0 64 65 66 0 0 0 0 0 72 73 74 75 76 77 78 0 0 0 0 0 0 0 86 87 88 89 90

Layer 29:
0 0 0 0 0 0 0 0 0 0 0 0 0 0 43 44 45 46 47 48 49 50 51 52 53 0 0 0 0 0 0 60
0 0 0 0 0 0 0 0 0 0 0 0 0 0 44 45 46 47 48 49 50 51 52 53 54 0 0 0 0 0 0 61
0 0 0 0 0 0 0 0 0 0 0 0 43 44 45 0 0 0 0 0 0 0 0 0 0 0 0 0 0 0 0 62
0 0 0 0 0 0 0 0 0 0 0 43 44 45 46 0 0 0 0 0 0 0 0 0 0 0 0 0 0 0 0 0
0 0 0 0 37 38 39 40 41 42 43 44 45 46 47 48 0 0 0 0 0 0 0 0 0 0 0 0 0 0 0 64
0 35 36 37 38 39 40 41 42 43 44 45 46 47 48 49 0 0 0 0 0 0 0 0 0 0 60 61 62 63 64 65
35 36 37 38 39 40 41 42 43 44 45 46 47 48 49 50 0 0 0 0 0 0 0 0 0 60 61 62 63 64 65 66
36 37 38 39 40 41 42 43 44 45 46 47 48 49 50 51 0 0 0 0 0 0 0 0 0 61 62 63 64 65 66 67
37 38 39 40 41 42 43 44 45 46 47 48 49 50 51 52 53 0 0 0 0 0 0 0 0 0 63 64 65 66 67 68
38 39 40 41 42 43 44 45 46 47 48 49 50 51 52 53 54 55 56 0 0 0 0 0 0 0 0 65 66 67 68 69
39 40 41 42 43 44 45 46 47 48 49 50 51 52 53 54 55 56 57 58 0 0 0 0 0 0 0 0 0 68 69 70
40 41 42 43 44 45 46 47 48 49 50 51 52 53 54 55 56 57 58 59 60 0 0 0 0 0 0 0 0 0 0 71
41 42 43 44 45 46 47 48 49 50 51 52 53 54 55 56 57 58 59 60 61 62 0 0 0 0 0 0 0 0 0 72
42 0 0 0 0 47 48 49 50 51 52 53 54 55 56 57 58 59 60 61 62 63 64 65 66 67 0 0 0 0 0 73
0 0 0 0 0 0 49 50 51 52 53 54 55 56 57 58 59 60 61 62 63 64 65 66 67 68 69 0 0 0 0 74
0 0 0 0 0 0 0 51 52 53 54 55 56 57 58 59 60 61 62 63 64 65 66 67 68 69 70 0 0 0 0 0
0 0 0 0 0 0 0 0 0 0 0 0 0 58 59 60 61 62 63 64 65 66 67 68 69 70 71 0 0 0 0 0
0 0 0 0 0 0 0 0 54 0 0 0 0 0 0 61 62 63 64 65 66 67 68 69 70 71 72 0 0 0 0 0
0 0 0 0 0 0 53 54 55 56 0 0 0 0 0 0 63 64 65 66 67 68 69 70 71 72 73 0 0 0 0 0
0 0 0 0 0 0 54 55 56 57 58 0 0 0 0 0 0 0 0 0 0 0 70 71 72 73 74 0 0 0 0 0
0 0 0 0 0 54 55 56 57 58 59 60 0 0 0 0 0 0 0 0 0 0 0 72 73 74 75 0 0 0 0 0
0 0 0 0 0 0 56 57 58 59 60 61 0 0 0 0 0 0 0 0 0 0 0 0 0 0 0 0 0 0 0 0
0 0 0 0 0 0 57 58 59 60 61 62 63 0 0 0 0 0 0 0 0 0 0 0 0 0 0 0 0 0 0 0
0 0 0 0 0 0 58 59 60 61 62 63 64 0 0 0 0 0 0 0 0 73 74 0 0 0 0 0 0 0 0 0
0 0 0 0 0 0 59 60 61 62 63 64 65 0 0 0 0 0 0 72 73 74 75 76 0 0 0 0 0 0 0 0
0 0 0 0 0 59 60 61 62 63 64 0 0 0 0 0 0 71 72 73 74 75 76 77 0 0 0 0 82 83 84 85
0 0 0 0 59 60 61 62 63 64 0 0 0 0 0 0 0 72 73 74 75 76 77 78 79 80 0 82 83 84 85 86
0 0 0 0 60 61 62 63 64 65 0 0 0 0 0 0 72 73 74 75 76 77 78 79 80 81 82 83 84 85 86 87
57 0 0 0 61 62 63 64 65 0 0 0 0 0 0 72 73 74 75 76 77 78 0 0 0 82 83 84 85 86 87 88
58 0 0 0 0 63 64 65 66 0 0 0 0 0 0 73 74 75 76 77 78 0 0 0 0 0 84 85 86 87 88 89
59 0 0 0 0 64 65 66 67 0 0 0 0 0 0 74 75 76 77 78 0 0 0 0 0 0 0 86 87 88 89 90
60 0 0 0 0 65 66 67 68 0 0 0 0 0 74 75 76 77 78 79 0 0 0 0 0 0 0 0 0 89 90 91

Layer 30:
0 0 0 0 0 0 0 0 0 0 0 0 0 0 0 0 46 47 48 49 50 51 52 53 54 0 0 0 0 0 60 61
0 0 0 0 0 0 0 0 0 0 0 0 0 0 0 0 0 48 49 50 51 52 53 54 55 0 0 0 0 0 0 62
0 0 0 0 0 0 0 0 0 0 0 0 44 45 0 0 0 0 0 0 0 0 0 0 0 0 0 0 0 0 0 63
0 0 0 0 0 38 39 0 0 0 43 44 45 46 0 0 0 0 0 0 0 0 0 0 0 0 0 0 0 0 0 0
0 0 0 0 38 39 40 41 42 43 44 45 46 47 48 0 0 0 0 0 0 0 0 0 0 0 0 0 0 0 0 65
0 0 37 38 39 40 41 42 43 44 45 46 47 48 49 0 0 0 0 0 0 0 0 0 0 0 61 62 63 64 65 66
36 37 38 39 40 41 42 43 44 45 46 47 48 49 50 51 0 0 0 0 0 0 0 0 0 61 62 63 64 65 66 67
37 38 39 40 41 42 43 44 45 46 47 48 49 50 51 52 0 0 0 0 0 0 0 0 0 62 63 64 65 66 67 68
38 39 40 41 42 43 44 45 46 47 48 49 50 51 52 53 54 55 0 0 0 0 0 0 0 63 64 65 66 67 68 69
39 40 41 42 43 44 45 46 47 48 49 50 51 52 53 54 55 56 57 0 0 0 0 0 0 0 65 66 67 68 69 70
40 41 42 43 44 45 46 47 48 49 50 51 52 53 54 55 56 57 58 59 60 0 0 0 0 0 66 67 68 69 70 71
41 42 43 44 45 46 47 48 49 50 51 52 53 54 55 56 57 58 59 60 61 62 0 0 0 0 67 68 69 70 71 72
42 43 0 45 46 47 48 49 50 51 52 53 54 55 56 57 58 59 60 61 62 63 64 0 0 67 68 69 70 71 72 73
0 0 0 0 47 48 49 50 51 52 53 54 55 56 57 58 59 60 61 62 63 64 65 66 67 68 69 0 0 72 73 74
0 0 0 0 0 49 50 51 52 53 54 55 56 57 58 59 60 61 62 63 64 65 66 67 68 69 70 0 0 0 74 75
0 0 0 0 0 0 51 52 53 0 0 56 57 58 59 60 61 62 63 64 65 66 67 68 69 70 71 0 0 0 0 76
0 0 0 0 0 0 0 53 0 0 0 0 0 0 60 61 62 63 64 65 66 67 68 69 70 71 72 0 0 0 0 0
0 0 0 0 0 0 0 54 0 0 0 0 0 0 0 62 63 64 65 66 67 68 69 70 71 72 73 0 0 0 0 0
0 0 0 0 0 53 54 55 56 0 0 0 0 0 0 0 64 65 66 67 68 69 70 71 72 73 74 0 0 0 0 0
0 0 0 0 0 54 55 56 57 58 0 0 0 0 0 0 0 0 0 0 0 0 71 72 73 74 75 0 0 0 0 0
0 0 0 0 0 55 56 57 58 59 0 0 0 0 0 0 0 0 0 0 0 0 0 73 74 0 0 0 0 0 0 0
0 0 0 0 0 56 57 58 59 60 61 0 0 0 0 0 0 0 0 0 0 0 73 74 0 0 0 0 0 0 0 0
0 0 0 0 0 0 58 59 60 61 62 63 0 0 0 0 0 0 0 0 0 73 74 75 0 0 0 0 80 81 0 0
0 0 0 0 0 0 59 60 61 62 63 64 65 0 0 0 0 0 0 0 73 74 75 76 0 0 0 0 0 82 0 0
0 0 0 0 0 0 60 61 62 63 64 65 66 67 0 0 70 71 72 73 74 75 76 77 0 0 0 0 0 83 84 0
0 0 0 0 0 60 61 62 63 64 65 66 0 0 0 0 71 72 73 74 75 76 77 78 0 0 0 0 83 84 85 86
0 0 0 0 0 61 62 63 64 65 66 0 0 0 0 0 72 73 74 75 76 77 78 79 0 0 0 83 84 85 86 87
0 0 0 0 61 62 63 64 65 66 0 0 0 0 0 0 73 74 75 76 77 78 0 0 0 0 83 84 85 86 87 88
0 0 0 0 0 63 64 65 66 67 0 0 0 0 0 73 74 75 76 77 78 0 0 0 0 0 84 85 86 87 88 89
0 0 0 0 0 64 65 66 67 68 0 0 0 0 0 74 75 76 77 78 79 0 0 0 0 0 0 86 87 88 89 90
0 0 0 0 0 65 66 67 68 69 0 0 0 0 0 0 76 77 78 79 0 0 0 0 0 0 0 0 0 0 0 91
61 0 0 0 0 66 67 68 69 70 0 0 73 74 0 0 0 78 79 80 0 0 0 0 0 0 0 0 0 0 0 0

Layer 31:
31 0 0 0 0 0 0 0 0 0 0 0 0 0 0 0 0 48 49 50 51 52 53 54 55 56 0 0 0 0 61 62
0 0 0 0 0 0 0 0 0 0 0 43 44 0 0 0 0 0 0 51 52 53 54 55 56 0 0 0 0 0 0 63
0 0 0 0 0 0 0 0 0 0 43 44 45 0 0 0 0 0 0 0 0 0 0 0 0 0 0 0 0 0 0 64
0 0 0 0 38 39 40 0 0 43 44 45 46 47 0 0 0 0 0 0 0 0 0 0 0 0 0 0 0 0 0 0
0 0 0 38 39 40 41 42 43 44 45 46 47 48 0 0 0 0 0 0 0 0 0 0 0 0 0 0 0 0 0 0
0 0 38 39 40 41 42 43 44 45 46 47 48 49 50 0 0 0 0 0 0 0 0 0 0 0 62 63 64 65 66 67
37 38 39 40 41 42 43 44 45 46 47 48 49 50 51 0 0 0 0 0 0 0 0 0 0 62 63 64 65 66 67 68
38 39 40 41 42 43 44 45 46 47 48 49 50 51 52 53 0 0 0 0 0 0 0 0 0 63 64 65 66 67 68 69
39 40 41 42 43 44 45 46 47 48 49 50 51 52 53 54 55 56 57 0 0 0 0 0 0 64 65 66 67 68 69 70
40 41 42 43 44 45 46 47 48 49 50 51 52 53 54 55 56 57 58 59 0 0 0 0 0 65 66 67 68 69 70 71
41 42 43 44 45 46 47 48 49 50 51 52 53 54 55 56 57 58 59 60 61 0 0 0 0 66 67 68 69 70 71 72
42 43 44 45 46 47 48 49 50 51 52 53 54 55 56 57 58 59 60 61 62 63 0 0 0 67 68 69 70 71 72 73
0 0 0 46 47 48 49 50 51 52 53 54 55 56 57 58 59 60 61 62 63 64 65 66 67 68 69 70 71 72 73 74
0 0 0 0 48 49 50 51 52 53 54 55 56 57 58 59 60 61 62 63 64 65 66 67 68 69 70 71 72 73 74 75
0 0 0 0 49 50 51 52 53 54 0 56 57 58 59 60 61 62 63 64 65 66 67 68 69 70 71 72 73 74 75 76
0 0 0 0 0 51 52 53 54 0 0 0 0 0 60 61 62 63 64 65 66 67 68 69 70 71 0 0 0 75 76 77
0 0 0 0 0 52 53 54 0 0 0 0 0 0 61 62 63 64 65 66 67 68 69 0 0 0 0 0 0 0 77 78
0 0 0 0 0 53 54 55 0 0 0 0 0 0 0 63 64 65 66 67 68 69 70 0 0 0 0 0 0 0 0 0
49 50 51 52 53 54 55 56 0 0 0 0 0 0 0 0 65 66 67 68 69 70 71 0 0 0 0 0 0 0 0 0
50 51 52 53 54 55 56 57 58 0 0 0 0 0 0 0 0 0 0 0 0 71 72 73 0 0 0 0 0 0 0 0
0 0 53 54 55 56 57 58 59 0 0 0 0 0 0 0 0 0 0 0 0 72 73 74 0 0 0 0 79 80 0 0
0 0 0 0 0 57 58 59 60 61 0 0 0 0 0 0 0 0 0 0 0 73 74 75 0 0 0 0 80 81 82 0
0 0 0 0 0 58 59 60 61 62 63 0 0 0 67 68 69 0 0 0 73 74 75 76 0 0 0 0 81 82 83 0
0 0 0 0 0 0 60 61 62 63 64 65 66 67 68 69 70 71 72 73 74 75 76 77 0 0 0 0 82 83 84 85
0 0 0 0 0 0 61 62 63 64 65 66 67 68 69 70 71 72 73 74 75 76 77 78 0 0 0 0 83 84 85 86
0 0 0 0 0 0 62 63 64 65 66 67 68 69 70 71 72 73 74 75 76 77 78 79 0 0 0 0 84 85 86 87
0 0 0 0 0 62 63 64 65 66 67 68 0 0 0 72 73 74 75 76 77 78 79 80 0 0 0 0 85 86 87 88
0 0 0 0 0 63 64 65 66 67 68 0 0 0 0 0 74 75 76 77 78 79 80 0 0 0 0 85 86 87 88 89
0 0 0 0 0 64 65 66 67 68 69 0 0 0 0 0 75 76 77 78 79 0 0 0 0 0 0 86 87 88 89 90
0 0 0 0 0 65 66 67 68 69 70 0 0 0 0 0 76 77 78 79 80 0 0 0 0 0 0 0 0 0 0 91
0 0 0 0 0 66 67 68 69 70 71 72 73 74 0 0 0 78 79 80 81 0 0 0 0 0 0 0 0 0 0 0
0 0 0 0 0 67 68 69 70 71 72 73 74 75 0 0 0 0 80 81 82 0 0 0 0 0 0 0 0 0 0 0

